1,17,226,238,18
2,18,238,239,19
3,19,239,240,20
4,20,240,241,21
5,21,241,242,22
6,22,242,243,23
7,23,243,244,24
8,24,244,245,25
9,25,245,246,26
10,26,246,247,27
11,27,247,248,28
12,28,248,29,1
13,226,225,249,238
14,238,249,250,239
15,239,250,251,240
16,240,251,252,241
17,241,252,253,242
18,242,253,254,243
19,243,254,255,244
20,244,255,256,245
21,245,256,257,246
22,246,257,258,247
23,247,258,259,248
24,248,259,30,29
25,225,224,260,249
26,249,260,261,250
27,250,261,262,251
28,251,262,263,252
29,252,263,264,253
30,253,264,265,254
31,254,265,266,255
32,255,266,267,256
33,256,267,268,257
34,257,268,269,258
35,258,269,270,259
36,259,270,31,30
37,224,223,271,260
38,260,271,272,261
39,261,272,273,262
40,262,273,274,263
41,263,274,275,264
42,264,275,276,265
43,265,276,277,266
44,266,277,278,267
45,267,278,279,268
46,268,279,280,269
47,269,280,281,270
48,270,281,32,31
49,223,222,282,271
50,271,282,283,272
51,272,283,284,273
52,273,284,285,274
53,274,285,286,275
54,275,286,287,276
55,276,287,288,277
56,277,288,289,278
57,278,289,290,279
58,279,290,291,280
59,280,291,292,281
60,281,292,33,32
61,222,221,293,282
62,282,293,294,283
63,283,294,295,284
64,284,295,296,285
65,285,296,297,286
66,286,297,298,287
67,287,298,299,288
68,288,299,300,289
69,289,300,301,290
70,290,301,302,291
71,291,302,303,292
72,292,303,34,33
73,221,220,304,293
74,293,304,305,294
75,294,305,306,295
76,295,306,307,296
77,296,307,308,297
78,297,308,309,298
79,298,309,310,299
80,299,310,311,300
81,300,311,312,301
82,301,312,313,302
83,302,313,314,303
84,303,314,35,34
85,220,219,315,304
86,304,315,316,305
87,305,316,317,306
88,306,317,318,307
89,307,318,319,308
90,308,319,320,309
91,309,320,321,310
92,310,321,322,311
93,311,322,323,312
94,312,323,324,313
95,313,324,325,314
96,314,325,36,35
97,219,218,326,315
98,315,326,327,316
99,316,327,328,317
100,317,328,329,318
101,318,329,330,319
102,319,330,331,320
103,320,331,332,321
104,321,332,333,322
105,322,333,334,323
106,323,334,335,324
107,324,335,336,325
108,325,336,37,36
109,218,217,337,326
110,326,337,338,327
111,327,338,339,328
112,328,339,340,329
113,329,340,341,330
114,330,341,342,331
115,331,342,343,332
116,332,343,344,333
117,333,344,345,334
118,334,345,346,335
119,335,346,347,336
120,336,347,38,37
121,217,216,348,337
122,337,348,349,338
123,338,349,350,339
124,339,350,351,340
125,340,351,352,341
126,341,352,353,342
127,342,353,354,343
128,343,354,355,344
129,344,355,356,345
130,345,356,357,346
131,346,357,358,347
132,347,358,39,38
133,216,204,215,348
134,348,215,214,349
135,349,214,213,350
136,350,213,212,351
137,351,212,211,352
138,352,211,210,353
139,353,210,209,354
140,354,209,208,355
141,355,208,207,356
142,356,207,206,357
143,357,206,205,358
144,358,205,40,39
145,40,205,359,41
146,41,359,360,42
147,42,360,361,43
148,43,361,362,44
149,44,362,363,45
150,45,363,364,46
151,46,364,365,47
152,47,365,366,48
153,48,366,367,49
154,49,367,368,50
155,50,368,369,51
156,51,369,52,2
157,205,206,370,359
158,359,370,371,360
159,360,371,372,361
160,361,372,373,362
161,362,373,374,363
162,363,374,375,364
163,364,375,376,365
164,365,376,377,366
165,366,377,378,367
166,367,378,379,368
167,368,379,380,369
168,369,380,53,52
169,206,207,381,370
170,370,381,382,371
171,371,382,383,372
172,372,383,384,373
173,373,384,385,374
174,374,385,386,375
175,375,386,387,376
176,376,387,388,377
177,377,388,389,378
178,378,389,390,379
179,379,390,391,380
180,380,391,54,53
181,207,208,392,381
182,381,392,393,382
183,382,393,394,383
184,383,394,395,384
185,384,395,396,385
186,385,396,397,386
187,386,397,398,387
188,387,398,399,388
189,388,399,400,389
190,389,400,401,390
191,390,401,402,391
192,391,402,55,54
193,208,209,403,392
194,392,403,404,393
195,393,404,405,394
196,394,405,406,395
197,395,406,407,396
198,396,407,408,397
199,397,408,409,398
200,398,409,410,399
201,399,410,411,400
202,400,411,412,401
203,401,412,413,402
204,402,413,56,55
205,209,210,414,403
206,403,414,415,404
207,404,415,416,405
208,405,416,417,406
209,406,417,418,407
210,407,418,419,408
211,408,419,420,409
212,409,420,421,410
213,410,421,422,411
214,411,422,423,412
215,412,423,424,413
216,413,424,57,56
217,210,211,425,414
218,414,425,426,415
219,415,426,427,416
220,416,427,428,417
221,417,428,429,418
222,418,429,430,419
223,419,430,431,420
224,420,431,432,421
225,421,432,433,422
226,422,433,434,423
227,423,434,435,424
228,424,435,58,57
229,211,212,436,425
230,425,436,437,426
231,426,437,438,427
232,427,438,439,428
233,428,439,440,429
234,429,440,441,430
235,430,441,442,431
236,431,442,443,432
237,432,443,444,433
238,433,444,445,434
239,434,445,446,435
240,435,446,59,58
241,212,213,447,436
242,436,447,448,437
243,437,448,449,438
244,438,449,450,439
245,439,450,451,440
246,440,451,452,441
247,441,452,453,442
248,442,453,454,443
249,443,454,455,444
250,444,455,456,445
251,445,456,457,446
252,446,457,60,59
253,213,214,458,447
254,447,458,459,448
255,448,459,460,449
256,449,460,461,450
257,450,461,462,451
258,451,462,463,452
259,452,463,464,453
260,453,464,465,454
261,454,465,466,455
262,455,466,467,456
263,456,467,468,457
264,457,468,61,60
265,214,215,469,458
266,458,469,470,459
267,459,470,471,460
268,460,471,472,461
269,461,472,473,462
270,462,473,474,463
271,463,474,475,464
272,464,475,476,465
273,465,476,477,466
274,466,477,478,467
275,467,478,479,468
276,468,479,62,61
277,215,204,237,469
278,469,237,236,470
279,470,236,235,471
280,471,235,234,472
281,472,234,233,473
282,473,233,232,474
283,474,232,231,475
284,475,231,230,476
285,476,230,229,477
286,477,229,228,478
287,478,228,227,479
288,479,227,63,62
289,63,227,480,64
290,64,480,481,65
291,65,481,482,66
292,66,482,483,67
293,67,483,484,68
294,68,484,485,69
295,69,485,486,70
296,70,486,487,71
297,71,487,488,72
298,72,488,489,73
299,73,489,490,74
300,74,490,6,3
301,227,228,491,480
302,480,491,492,481
303,481,492,493,482
304,482,493,494,483
305,483,494,495,484
306,484,495,496,485
307,485,496,497,486
308,486,497,498,487
309,487,498,499,488
310,488,499,500,489
311,489,500,501,490
312,490,501,7,6
313,228,229,502,491
314,491,502,503,492
315,492,503,504,493
316,493,504,505,494
317,494,505,506,495
318,495,506,507,496
319,496,507,508,497
320,497,508,509,498
321,498,509,510,499
322,499,510,511,500
323,500,511,512,501
324,501,512,8,7
325,229,230,513,502
326,502,513,514,503
327,503,514,515,504
328,504,515,516,505
329,505,516,517,506
330,506,517,518,507
331,507,518,519,508
332,508,519,520,509
333,509,520,521,510
334,510,521,522,511
335,511,522,523,512
336,512,523,9,8
337,230,231,524,513
338,513,524,525,514
339,514,525,526,515
340,515,526,527,516
341,516,527,528,517
342,517,528,529,518
343,518,529,530,519
344,519,530,531,520
345,520,531,532,521
346,521,532,533,522
347,522,533,534,523
348,523,534,10,9
349,231,232,535,524
350,524,535,536,525
351,525,536,537,526
352,526,537,538,527
353,527,538,539,528
354,528,539,540,529
355,529,540,541,530
356,530,541,542,531
357,531,542,543,532
358,532,543,544,533
359,533,544,545,534
360,534,545,11,10
361,232,233,546,535
362,535,546,547,536
363,536,547,548,537
364,537,548,549,538
365,538,549,550,539
366,539,550,551,540
367,540,551,552,541
368,541,552,553,542
369,542,553,554,543
370,543,554,555,544
371,544,555,556,545
372,545,556,12,11
373,233,234,557,546
374,546,557,558,547
375,547,558,559,548
376,548,559,560,549
377,549,560,561,550
378,550,561,562,551
379,551,562,563,552
380,552,563,564,553
381,553,564,565,554
382,554,565,566,555
383,555,566,567,556
384,556,567,13,12
385,234,235,568,557
386,557,568,569,558
387,558,569,570,559
388,559,570,571,560
389,560,571,572,561
390,561,572,573,562
391,562,573,574,563
392,563,574,575,564
393,564,575,576,565
394,565,576,577,566
395,566,577,578,567
396,567,578,14,13
397,235,236,579,568
398,568,579,580,569
399,569,580,581,570
400,570,581,582,571
401,571,582,583,572
402,572,583,584,573
403,573,584,585,574
404,574,585,586,575
405,575,586,587,576
406,576,587,588,577
407,577,588,589,578
408,578,589,15,14
409,236,237,590,579
410,579,590,591,580
411,580,591,592,581
412,581,592,593,582
413,582,593,594,583
414,583,594,595,584
415,584,595,596,585
416,585,596,597,586
417,586,597,598,587
418,587,598,599,588
419,588,599,600,589
420,589,600,16,15
421,237,204,216,590
422,590,216,217,591
423,591,217,218,592
424,592,218,219,593
425,593,219,220,594
426,594,220,221,595
427,595,221,222,596
428,596,222,223,597
429,597,223,224,598
430,598,224,225,599
431,599,225,226,600
432,600,226,17,16
433,86,623,635,87
434,87,635,636,88
435,88,636,637,89
436,89,637,638,90
437,90,638,639,91
438,91,639,640,92
439,92,640,641,93
440,93,641,642,94
441,94,642,643,95
442,95,643,644,96
443,96,644,645,97
444,97,645,51,2
445,623,622,646,635
446,635,646,647,636
447,636,647,648,637
448,637,648,649,638
449,638,649,650,639
450,639,650,651,640
451,640,651,652,641
452,641,652,653,642
453,642,653,654,643
454,643,654,655,644
455,644,655,656,645
456,645,656,50,51
457,622,621,657,646
458,646,657,658,647
459,647,658,659,648
460,648,659,660,649
461,649,660,661,650
462,650,661,662,651
463,651,662,663,652
464,652,663,664,653
465,653,664,665,654
466,654,665,666,655
467,655,666,667,656
468,656,667,49,50
469,621,620,668,657
470,657,668,669,658
471,658,669,670,659
472,659,670,671,660
473,660,671,672,661
474,661,672,673,662
475,662,673,674,663
476,663,674,675,664
477,664,675,676,665
478,665,676,677,666
479,666,677,678,667
480,667,678,48,49
481,620,619,679,668
482,668,679,680,669
483,669,680,681,670
484,670,681,682,671
485,671,682,683,672
486,672,683,684,673
487,673,684,685,674
488,674,685,686,675
489,675,686,687,676
490,676,687,688,677
491,677,688,689,678
492,678,689,47,48
493,619,618,690,679
494,679,690,691,680
495,680,691,692,681
496,681,692,693,682
497,682,693,694,683
498,683,694,695,684
499,684,695,696,685
500,685,696,697,686
501,686,697,698,687
502,687,698,699,688
503,688,699,700,689
504,689,700,46,47
505,618,617,701,690
506,690,701,702,691
507,691,702,703,692
508,692,703,704,693
509,693,704,705,694
510,694,705,706,695
511,695,706,707,696
512,696,707,708,697
513,697,708,709,698
514,698,709,710,699
515,699,710,711,700
516,700,711,45,46
517,617,616,712,701
518,701,712,713,702
519,702,713,714,703
520,703,714,715,704
521,704,715,716,705
522,705,716,717,706
523,706,717,718,707
524,707,718,719,708
525,708,719,720,709
526,709,720,721,710
527,710,721,722,711
528,711,722,44,45
529,616,615,723,712
530,712,723,724,713
531,713,724,725,714
532,714,725,726,715
533,715,726,727,716
534,716,727,728,717
535,717,728,729,718
536,718,729,730,719
537,719,730,731,720
538,720,731,732,721
539,721,732,733,722
540,722,733,43,44
541,615,614,734,723
542,723,734,735,724
543,724,735,736,725
544,725,736,737,726
545,726,737,738,727
546,727,738,739,728
547,728,739,740,729
548,729,740,741,730
549,730,741,742,731
550,731,742,743,732
551,732,743,744,733
552,733,744,42,43
553,614,613,745,734
554,734,745,746,735
555,735,746,747,736
556,736,747,748,737
557,737,748,749,738
558,738,749,750,739
559,739,750,751,740
560,740,751,752,741
561,741,752,753,742
562,742,753,754,743
563,743,754,755,744
564,744,755,41,42
565,613,601,612,745
566,745,612,611,746
567,746,611,610,747
568,747,610,609,748
569,748,609,608,749
570,749,608,607,750
571,750,607,606,751
572,751,606,605,752
573,752,605,604,753
574,753,604,603,754
575,754,603,602,755
576,755,602,40,41
577,40,602,756,39
578,39,756,757,38
579,38,757,758,37
580,37,758,759,36
581,36,759,760,35
582,35,760,761,34
583,34,761,762,33
584,33,762,763,32
585,32,763,764,31
586,31,764,765,30
587,30,765,766,29
588,29,766,98,1
589,602,603,767,756
590,756,767,768,757
591,757,768,769,758
592,758,769,770,759
593,759,770,771,760
594,760,771,772,761
595,761,772,773,762
596,762,773,774,763
597,763,774,775,764
598,764,775,776,765
599,765,776,777,766
600,766,777,99,98
601,603,604,778,767
602,767,778,779,768
603,768,779,780,769
604,769,780,781,770
605,770,781,782,771
606,771,782,783,772
607,772,783,784,773
608,773,784,785,774
609,774,785,786,775
610,775,786,787,776
611,776,787,788,777
612,777,788,100,99
613,604,605,789,778
614,778,789,790,779
615,779,790,791,780
616,780,791,792,781
617,781,792,793,782
618,782,793,794,783
619,783,794,795,784
620,784,795,796,785
621,785,796,797,786
622,786,797,798,787
623,787,798,799,788
624,788,799,101,100
625,605,606,800,789
626,789,800,801,790
627,790,801,802,791
628,791,802,803,792
629,792,803,804,793
630,793,804,805,794
631,794,805,806,795
632,795,806,807,796
633,796,807,808,797
634,797,808,809,798
635,798,809,810,799
636,799,810,102,101
637,606,607,811,800
638,800,811,812,801
639,801,812,813,802
640,802,813,814,803
641,803,814,815,804
642,804,815,816,805
643,805,816,817,806
644,806,817,818,807
645,807,818,819,808
646,808,819,820,809
647,809,820,821,810
648,810,821,103,102
649,607,608,822,811
650,811,822,823,812
651,812,823,824,813
652,813,824,825,814
653,814,825,826,815
654,815,826,827,816
655,816,827,828,817
656,817,828,829,818
657,818,829,830,819
658,819,830,831,820
659,820,831,832,821
660,821,832,104,103
661,608,609,833,822
662,822,833,834,823
663,823,834,835,824
664,824,835,836,825
665,825,836,837,826
666,826,837,838,827
667,827,838,839,828
668,828,839,840,829
669,829,840,841,830
670,830,841,842,831
671,831,842,843,832
672,832,843,105,104
673,609,610,844,833
674,833,844,845,834
675,834,845,846,835
676,835,846,847,836
677,836,847,848,837
678,837,848,849,838
679,838,849,850,839
680,839,850,851,840
681,840,851,852,841
682,841,852,853,842
683,842,853,854,843
684,843,854,106,105
685,610,611,855,844
686,844,855,856,845
687,845,856,857,846
688,846,857,858,847
689,847,858,859,848
690,848,859,860,849
691,849,860,861,850
692,850,861,862,851
693,851,862,863,852
694,852,863,864,853
695,853,864,865,854
696,854,865,107,106
697,611,612,866,855
698,855,866,867,856
699,856,867,868,857
700,857,868,869,858
701,858,869,870,859
702,859,870,871,860
703,860,871,872,861
704,861,872,873,862
705,862,873,874,863
706,863,874,875,864
707,864,875,876,865
708,865,876,108,107
709,612,601,634,866
710,866,634,633,867
711,867,633,632,868
712,868,632,631,869
713,869,631,630,870
714,870,630,629,871
715,871,629,628,872
716,872,628,627,873
717,873,627,626,874
718,874,626,625,875
719,875,625,624,876
720,876,624,109,108
721,109,624,877,110
722,110,877,878,111
723,111,878,879,112
724,112,879,880,113
725,113,880,881,114
726,114,881,882,115
727,115,882,883,116
728,116,883,884,117
729,117,884,885,118
730,118,885,886,119
731,119,886,887,120
732,120,887,75,4
733,624,625,888,877
734,877,888,889,878
735,878,889,890,879
736,879,890,891,880
737,880,891,892,881
738,881,892,893,882
739,882,893,894,883
740,883,894,895,884
741,884,895,896,885
742,885,896,897,886
743,886,897,898,887
744,887,898,76,75
745,625,626,899,888
746,888,899,900,889
747,889,900,901,890
748,890,901,902,891
749,891,902,903,892
750,892,903,904,893
751,893,904,905,894
752,894,905,906,895
753,895,906,907,896
754,896,907,908,897
755,897,908,909,898
756,898,909,77,76
757,626,627,910,899
758,899,910,911,900
759,900,911,912,901
760,901,912,913,902
761,902,913,914,903
762,903,914,915,904
763,904,915,916,905
764,905,916,917,906
765,906,917,918,907
766,907,918,919,908
767,908,919,920,909
768,909,920,78,77
769,627,628,921,910
770,910,921,922,911
771,911,922,923,912
772,912,923,924,913
773,913,924,925,914
774,914,925,926,915
775,915,926,927,916
776,916,927,928,917
777,917,928,929,918
778,918,929,930,919
779,919,930,931,920
780,920,931,79,78
781,628,629,932,921
782,921,932,933,922
783,922,933,934,923
784,923,934,935,924
785,924,935,936,925
786,925,936,937,926
787,926,937,938,927
788,927,938,939,928
789,928,939,940,929
790,929,940,941,930
791,930,941,942,931
792,931,942,80,79
793,629,630,943,932
794,932,943,944,933
795,933,944,945,934
796,934,945,946,935
797,935,946,947,936
798,936,947,948,937
799,937,948,949,938
800,938,949,950,939
801,939,950,951,940
802,940,951,952,941
803,941,952,953,942
804,942,953,81,80
805,630,631,954,943
806,943,954,955,944
807,944,955,956,945
808,945,956,957,946
809,946,957,958,947
810,947,958,959,948
811,948,959,960,949
812,949,960,961,950
813,950,961,962,951
814,951,962,963,952
815,952,963,964,953
816,953,964,82,81
817,631,632,965,954
818,954,965,966,955
819,955,966,967,956
820,956,967,968,957
821,957,968,969,958
822,958,969,970,959
823,959,970,971,960
824,960,971,972,961
825,961,972,973,962
826,962,973,974,963
827,963,974,975,964
828,964,975,83,82
829,632,633,976,965
830,965,976,977,966
831,966,977,978,967
832,967,978,979,968
833,968,979,980,969
834,969,980,981,970
835,970,981,982,971
836,971,982,983,972
837,972,983,984,973
838,973,984,985,974
839,974,985,986,975
840,975,986,84,83
841,633,634,987,976
842,976,987,988,977
843,977,988,989,978
844,978,989,990,979
845,979,990,991,980
846,980,991,992,981
847,981,992,993,982
848,982,993,994,983
849,983,994,995,984
850,984,995,996,985
851,985,996,997,986
852,986,997,85,84
853,634,601,613,987
854,987,613,614,988
855,988,614,615,989
856,989,615,616,990
857,990,616,617,991
858,991,617,618,992
859,992,618,619,993
860,993,619,620,994
861,994,620,621,995
862,995,621,622,996
863,996,622,623,997
864,997,623,86,85
865,139,1020,1039,140
866,140,1039,1040,141
867,141,1040,1041,142
868,142,1041,1042,143
869,143,1042,1043,144
870,144,1043,1044,145
871,145,1044,1045,146
872,146,1045,1046,147
873,147,1046,1047,148
874,148,1047,1048,149
875,149,1048,1049,150
876,150,1049,1050,151
877,151,1050,1051,152
878,152,1051,1052,153
879,153,1052,1053,154
880,154,1053,1054,155
881,155,1054,1055,156
882,156,1055,1056,157
883,157,1056,158,5
884,1020,1019,1057,1039
885,1039,1057,1058,1040
886,1040,1058,1059,1041
887,1041,1059,1060,1042
888,1042,1060,1061,1043
889,1043,1061,1062,1044
890,1044,1062,1063,1045
891,1045,1063,1064,1046
892,1046,1064,1065,1047
893,1047,1065,1066,1048
894,1048,1066,1067,1049
895,1049,1067,1068,1050
896,1050,1068,1069,1051
897,1051,1069,1070,1052
898,1052,1070,1071,1053
899,1053,1071,1072,1054
900,1054,1072,1073,1055
901,1055,1073,1074,1056
902,1056,1074,159,158
903,1019,1018,1075,1057
904,1057,1075,1076,1058
905,1058,1076,1077,1059
906,1059,1077,1078,1060
907,1060,1078,1079,1061
908,1061,1079,1080,1062
909,1062,1080,1081,1063
910,1063,1081,1082,1064
911,1064,1082,1083,1065
912,1065,1083,1084,1066
913,1066,1084,1085,1067
914,1067,1085,1086,1068
915,1068,1086,1087,1069
916,1069,1087,1088,1070
917,1070,1088,1089,1071
918,1071,1089,1090,1072
919,1072,1090,1091,1073
920,1073,1091,1092,1074
921,1074,1092,160,159
922,1018,1017,1093,1075
923,1075,1093,1094,1076
924,1076,1094,1095,1077
925,1077,1095,1096,1078
926,1078,1096,1097,1079
927,1079,1097,1098,1080
928,1080,1098,1099,1081
929,1081,1099,1100,1082
930,1082,1100,1101,1083
931,1083,1101,1102,1084
932,1084,1102,1103,1085
933,1085,1103,1104,1086
934,1086,1104,1105,1087
935,1087,1105,1106,1088
936,1088,1106,1107,1089
937,1089,1107,1108,1090
938,1090,1108,1109,1091
939,1091,1109,1110,1092
940,1092,1110,161,160
941,1017,998,1016,1093
942,1093,1016,1015,1094
943,1094,1015,1014,1095
944,1095,1014,1013,1096
945,1096,1013,1012,1097
946,1097,1012,1011,1098
947,1098,1011,1010,1099
948,1099,1010,1009,1100
949,1100,1009,1008,1101
950,1101,1008,1007,1102
951,1102,1007,1006,1103
952,1103,1006,1005,1104
953,1104,1005,1004,1105
954,1105,1004,1003,1106
955,1106,1003,1002,1107
956,1107,1002,1001,1108
957,1108,1001,1000,1109
958,1109,1000,999,1110
959,1110,999,162,161
960,162,999,1111,163
961,163,1111,1112,164
962,164,1112,1113,165
963,165,1113,1114,166
964,166,1114,1115,167
965,167,1115,1116,168
966,168,1116,1117,169
967,169,1117,1118,170
968,170,1118,1119,171
969,171,1119,1120,172
970,172,1120,1121,173
971,173,1121,1122,174
972,174,1122,1123,175
973,175,1123,1124,176
974,176,1124,1125,177
975,177,1125,1126,178
976,178,1126,1127,179
977,179,1127,1128,180
978,180,1128,28,1
979,999,1000,1129,1111
980,1111,1129,1130,1112
981,1112,1130,1131,1113
982,1113,1131,1132,1114
983,1114,1132,1133,1115
984,1115,1133,1134,1116
985,1116,1134,1135,1117
986,1117,1135,1136,1118
987,1118,1136,1137,1119
988,1119,1137,1138,1120
989,1120,1138,1139,1121
990,1121,1139,1140,1122
991,1122,1140,1141,1123
992,1123,1141,1142,1124
993,1124,1142,1143,1125
994,1125,1143,1144,1126
995,1126,1144,1145,1127
996,1127,1145,1146,1128
997,1128,1146,27,28
998,1000,1001,1147,1129
999,1129,1147,1148,1130
1000,1130,1148,1149,1131
1001,1131,1149,1150,1132
1002,1132,1150,1151,1133
1003,1133,1151,1152,1134
1004,1134,1152,1153,1135
1005,1135,1153,1154,1136
1006,1136,1154,1155,1137
1007,1137,1155,1156,1138
1008,1138,1156,1157,1139
1009,1139,1157,1158,1140
1010,1140,1158,1159,1141
1011,1141,1159,1160,1142
1012,1142,1160,1161,1143
1013,1143,1161,1162,1144
1014,1144,1162,1163,1145
1015,1145,1163,1164,1146
1016,1146,1164,26,27
1017,1001,1002,1165,1147
1018,1147,1165,1166,1148
1019,1148,1166,1167,1149
1020,1149,1167,1168,1150
1021,1150,1168,1169,1151
1022,1151,1169,1170,1152
1023,1152,1170,1171,1153
1024,1153,1171,1172,1154
1025,1154,1172,1173,1155
1026,1155,1173,1174,1156
1027,1156,1174,1175,1157
1028,1157,1175,1176,1158
1029,1158,1176,1177,1159
1030,1159,1177,1178,1160
1031,1160,1178,1179,1161
1032,1161,1179,1180,1162
1033,1162,1180,1181,1163
1034,1163,1181,1182,1164
1035,1164,1182,25,26
1036,1002,1003,1183,1165
1037,1165,1183,1184,1166
1038,1166,1184,1185,1167
1039,1167,1185,1186,1168
1040,1168,1186,1187,1169
1041,1169,1187,1188,1170
1042,1170,1188,1189,1171
1043,1171,1189,1190,1172
1044,1172,1190,1191,1173
1045,1173,1191,1192,1174
1046,1174,1192,1193,1175
1047,1175,1193,1194,1176
1048,1176,1194,1195,1177
1049,1177,1195,1196,1178
1050,1178,1196,1197,1179
1051,1179,1197,1198,1180
1052,1180,1198,1199,1181
1053,1181,1199,1200,1182
1054,1182,1200,24,25
1055,1003,1004,1201,1183
1056,1183,1201,1202,1184
1057,1184,1202,1203,1185
1058,1185,1203,1204,1186
1059,1186,1204,1205,1187
1060,1187,1205,1206,1188
1061,1188,1206,1207,1189
1062,1189,1207,1208,1190
1063,1190,1208,1209,1191
1064,1191,1209,1210,1192
1065,1192,1210,1211,1193
1066,1193,1211,1212,1194
1067,1194,1212,1213,1195
1068,1195,1213,1214,1196
1069,1196,1214,1215,1197
1070,1197,1215,1216,1198
1071,1198,1216,1217,1199
1072,1199,1217,1218,1200
1073,1200,1218,23,24
1074,1004,1005,1219,1201
1075,1201,1219,1220,1202
1076,1202,1220,1221,1203
1077,1203,1221,1222,1204
1078,1204,1222,1223,1205
1079,1205,1223,1224,1206
1080,1206,1224,1225,1207
1081,1207,1225,1226,1208
1082,1208,1226,1227,1209
1083,1209,1227,1228,1210
1084,1210,1228,1229,1211
1085,1211,1229,1230,1212
1086,1212,1230,1231,1213
1087,1213,1231,1232,1214
1088,1214,1232,1233,1215
1089,1215,1233,1234,1216
1090,1216,1234,1235,1217
1091,1217,1235,1236,1218
1092,1218,1236,22,23
1093,1005,1006,1237,1219
1094,1219,1237,1238,1220
1095,1220,1238,1239,1221
1096,1221,1239,1240,1222
1097,1222,1240,1241,1223
1098,1223,1241,1242,1224
1099,1224,1242,1243,1225
1100,1225,1243,1244,1226
1101,1226,1244,1245,1227
1102,1227,1245,1246,1228
1103,1228,1246,1247,1229
1104,1229,1247,1248,1230
1105,1230,1248,1249,1231
1106,1231,1249,1250,1232
1107,1232,1250,1251,1233
1108,1233,1251,1252,1234
1109,1234,1252,1253,1235
1110,1235,1253,1254,1236
1111,1236,1254,21,22
1112,1006,1007,1255,1237
1113,1237,1255,1256,1238
1114,1238,1256,1257,1239
1115,1239,1257,1258,1240
1116,1240,1258,1259,1241
1117,1241,1259,1260,1242
1118,1242,1260,1261,1243
1119,1243,1261,1262,1244
1120,1244,1262,1263,1245
1121,1245,1263,1264,1246
1122,1246,1264,1265,1247
1123,1247,1265,1266,1248
1124,1248,1266,1267,1249
1125,1249,1267,1268,1250
1126,1250,1268,1269,1251
1127,1251,1269,1270,1252
1128,1252,1270,1271,1253
1129,1253,1271,1272,1254
1130,1254,1272,20,21
1131,1007,1008,1273,1255
1132,1255,1273,1274,1256
1133,1256,1274,1275,1257
1134,1257,1275,1276,1258
1135,1258,1276,1277,1259
1136,1259,1277,1278,1260
1137,1260,1278,1279,1261
1138,1261,1279,1280,1262
1139,1262,1280,1281,1263
1140,1263,1281,1282,1264
1141,1264,1282,1283,1265
1142,1265,1283,1284,1266
1143,1266,1284,1285,1267
1144,1267,1285,1286,1268
1145,1268,1286,1287,1269
1146,1269,1287,1288,1270
1147,1270,1288,1289,1271
1148,1271,1289,1290,1272
1149,1272,1290,19,20
1150,1008,1009,1291,1273
1151,1273,1291,1292,1274
1152,1274,1292,1293,1275
1153,1275,1293,1294,1276
1154,1276,1294,1295,1277
1155,1277,1295,1296,1278
1156,1278,1296,1297,1279
1157,1279,1297,1298,1280
1158,1280,1298,1299,1281
1159,1281,1299,1300,1282
1160,1282,1300,1301,1283
1161,1283,1301,1302,1284
1162,1284,1302,1303,1285
1163,1285,1303,1304,1286
1164,1286,1304,1305,1287
1165,1287,1305,1306,1288
1166,1288,1306,1307,1289
1167,1289,1307,1308,1290
1168,1290,1308,18,19
1169,1009,1010,1309,1291
1170,1291,1309,1310,1292
1171,1292,1310,1311,1293
1172,1293,1311,1312,1294
1173,1294,1312,1313,1295
1174,1295,1313,1314,1296
1175,1296,1314,1315,1297
1176,1297,1315,1316,1298
1177,1298,1316,1317,1299
1178,1299,1317,1318,1300
1179,1300,1318,1319,1301
1180,1301,1319,1320,1302
1181,1302,1320,1321,1303
1182,1303,1321,1322,1304
1183,1304,1322,1323,1305
1184,1305,1323,1324,1306
1185,1306,1324,1325,1307
1186,1307,1325,1326,1308
1187,1308,1326,17,18
1188,1010,1011,1327,1309
1189,1309,1327,1328,1310
1190,1310,1328,1329,1311
1191,1311,1329,1330,1312
1192,1312,1330,1331,1313
1193,1313,1331,1332,1314
1194,1314,1332,1333,1315
1195,1315,1333,1334,1316
1196,1316,1334,1335,1317
1197,1317,1335,1336,1318
1198,1318,1336,1337,1319
1199,1319,1337,1338,1320
1200,1320,1338,1339,1321
1201,1321,1339,1340,1322
1202,1322,1340,1341,1323
1203,1323,1341,1342,1324
1204,1324,1342,1343,1325
1205,1325,1343,1344,1326
1206,1326,1344,16,17
1207,1011,1012,1345,1327
1208,1327,1345,1346,1328
1209,1328,1346,1347,1329
1210,1329,1347,1348,1330
1211,1330,1348,1349,1331
1212,1331,1349,1350,1332
1213,1332,1350,1351,1333
1214,1333,1351,1352,1334
1215,1334,1352,1353,1335
1216,1335,1353,1354,1336
1217,1336,1354,1355,1337
1218,1337,1355,1356,1338
1219,1338,1356,1357,1339
1220,1339,1357,1358,1340
1221,1340,1358,1359,1341
1222,1341,1359,1360,1342
1223,1342,1360,1361,1343
1224,1343,1361,1362,1344
1225,1344,1362,15,16
1226,1012,1013,1363,1345
1227,1345,1363,1364,1346
1228,1346,1364,1365,1347
1229,1347,1365,1366,1348
1230,1348,1366,1367,1349
1231,1349,1367,1368,1350
1232,1350,1368,1369,1351
1233,1351,1369,1370,1352
1234,1352,1370,1371,1353
1235,1353,1371,1372,1354
1236,1354,1372,1373,1355
1237,1355,1373,1374,1356
1238,1356,1374,1375,1357
1239,1357,1375,1376,1358
1240,1358,1376,1377,1359
1241,1359,1377,1378,1360
1242,1360,1378,1379,1361
1243,1361,1379,1380,1362
1244,1362,1380,14,15
1245,1013,1014,1381,1363
1246,1363,1381,1382,1364
1247,1364,1382,1383,1365
1248,1365,1383,1384,1366
1249,1366,1384,1385,1367
1250,1367,1385,1386,1368
1251,1368,1386,1387,1369
1252,1369,1387,1388,1370
1253,1370,1388,1389,1371
1254,1371,1389,1390,1372
1255,1372,1390,1391,1373
1256,1373,1391,1392,1374
1257,1374,1392,1393,1375
1258,1375,1393,1394,1376
1259,1376,1394,1395,1377
1260,1377,1395,1396,1378
1261,1378,1396,1397,1379
1262,1379,1397,1398,1380
1263,1380,1398,13,14
1264,1014,1015,1399,1381
1265,1381,1399,1400,1382
1266,1382,1400,1401,1383
1267,1383,1401,1402,1384
1268,1384,1402,1403,1385
1269,1385,1403,1404,1386
1270,1386,1404,1405,1387
1271,1387,1405,1406,1388
1272,1388,1406,1407,1389
1273,1389,1407,1408,1390
1274,1390,1408,1409,1391
1275,1391,1409,1410,1392
1276,1392,1410,1411,1393
1277,1393,1411,1412,1394
1278,1394,1412,1413,1395
1279,1395,1413,1414,1396
1280,1396,1414,1415,1397
1281,1397,1415,1416,1398
1282,1398,1416,12,13
1283,1015,1016,1417,1399
1284,1399,1417,1418,1400
1285,1400,1418,1419,1401
1286,1401,1419,1420,1402
1287,1402,1420,1421,1403
1288,1403,1421,1422,1404
1289,1404,1422,1423,1405
1290,1405,1423,1424,1406
1291,1406,1424,1425,1407
1292,1407,1425,1426,1408
1293,1408,1426,1427,1409
1294,1409,1427,1428,1410
1295,1410,1428,1429,1411
1296,1411,1429,1430,1412
1297,1412,1430,1431,1413
1298,1413,1431,1432,1414
1299,1414,1432,1433,1415
1300,1415,1433,1434,1416
1301,1416,1434,11,12
1302,1016,998,1038,1417
1303,1417,1038,1037,1418
1304,1418,1037,1036,1419
1305,1419,1036,1035,1420
1306,1420,1035,1034,1421
1307,1421,1034,1033,1422
1308,1422,1033,1032,1423
1309,1423,1032,1031,1424
1310,1424,1031,1030,1425
1311,1425,1030,1029,1426
1312,1426,1029,1028,1427
1313,1427,1028,1027,1428
1314,1428,1027,1026,1429
1315,1429,1026,1025,1430
1316,1430,1025,1024,1431
1317,1431,1024,1023,1432
1318,1432,1023,1022,1433
1319,1433,1022,1021,1434
1320,1434,1021,10,11
1321,10,1021,1435,9
1322,9,1435,1436,8
1323,8,1436,1437,7
1324,7,1437,1438,6
1325,6,1438,121,3
1326,1021,1022,1439,1435
1327,1435,1439,1440,1436
1328,1436,1440,1441,1437
1329,1437,1441,1442,1438
1330,1438,1442,122,121
1331,1022,1023,1443,1439
1332,1439,1443,1444,1440
1333,1440,1444,1445,1441
1334,1441,1445,1446,1442
1335,1442,1446,123,122
1336,1023,1024,1447,1443
1337,1443,1447,1448,1444
1338,1444,1448,1449,1445
1339,1445,1449,1450,1446
1340,1446,1450,124,123
1341,1024,1025,1451,1447
1342,1447,1451,1452,1448
1343,1448,1452,1453,1449
1344,1449,1453,1454,1450
1345,1450,1454,125,124
1346,1025,1026,1455,1451
1347,1451,1455,1456,1452
1348,1452,1456,1457,1453
1349,1453,1457,1458,1454
1350,1454,1458,126,125
1351,1026,1027,1459,1455
1352,1455,1459,1460,1456
1353,1456,1460,1461,1457
1354,1457,1461,1462,1458
1355,1458,1462,127,126
1356,1027,1028,1463,1459
1357,1459,1463,1464,1460
1358,1460,1464,1465,1461
1359,1461,1465,1466,1462
1360,1462,1466,128,127
1361,1028,1029,1467,1463
1362,1463,1467,1468,1464
1363,1464,1468,1469,1465
1364,1465,1469,1470,1466
1365,1466,1470,129,128
1366,1029,1030,1471,1467
1367,1467,1471,1472,1468
1368,1468,1472,1473,1469
1369,1469,1473,1474,1470
1370,1470,1474,130,129
1371,1030,1031,1475,1471
1372,1471,1475,1476,1472
1373,1472,1476,1477,1473
1374,1473,1477,1478,1474
1375,1474,1478,131,130
1376,1031,1032,1479,1475
1377,1475,1479,1480,1476
1378,1476,1480,1481,1477
1379,1477,1481,1482,1478
1380,1478,1482,132,131
1381,1032,1033,1483,1479
1382,1479,1483,1484,1480
1383,1480,1484,1485,1481
1384,1481,1485,1486,1482
1385,1482,1486,133,132
1386,1033,1034,1487,1483
1387,1483,1487,1488,1484
1388,1484,1488,1489,1485
1389,1485,1489,1490,1486
1390,1486,1490,134,133
1391,1034,1035,1491,1487
1392,1487,1491,1492,1488
1393,1488,1492,1493,1489
1394,1489,1493,1494,1490
1395,1490,1494,135,134
1396,1035,1036,1495,1491
1397,1491,1495,1496,1492
1398,1492,1496,1497,1493
1399,1493,1497,1498,1494
1400,1494,1498,136,135
1401,1036,1037,1499,1495
1402,1495,1499,1500,1496
1403,1496,1500,1501,1497
1404,1497,1501,1502,1498
1405,1498,1502,137,136
1406,1037,1038,1503,1499
1407,1499,1503,1504,1500
1408,1500,1504,1505,1501
1409,1501,1505,1506,1502
1410,1502,1506,138,137
1411,1038,998,1017,1503
1412,1503,1017,1018,1504
1413,1504,1018,1019,1505
1414,1505,1019,1020,1506
1415,1506,1020,139,138
1416,109,1529,1541,108
1417,108,1541,1542,107
1418,107,1542,1543,106
1419,106,1543,1544,105
1420,105,1544,1545,104
1421,104,1545,1546,103
1422,103,1546,1547,102
1423,102,1547,1548,101
1424,101,1548,1549,100
1425,100,1549,1550,99
1426,99,1550,1551,98
1427,98,1551,180,1
1428,1529,1528,1552,1541
1429,1541,1552,1553,1542
1430,1542,1553,1554,1543
1431,1543,1554,1555,1544
1432,1544,1555,1556,1545
1433,1545,1556,1557,1546
1434,1546,1557,1558,1547
1435,1547,1558,1559,1548
1436,1548,1559,1560,1549
1437,1549,1560,1561,1550
1438,1550,1561,1562,1551
1439,1551,1562,179,180
1440,1528,1527,1563,1552
1441,1552,1563,1564,1553
1442,1553,1564,1565,1554
1443,1554,1565,1566,1555
1444,1555,1566,1567,1556
1445,1556,1567,1568,1557
1446,1557,1568,1569,1558
1447,1558,1569,1570,1559
1448,1559,1570,1571,1560
1449,1560,1571,1572,1561
1450,1561,1572,1573,1562
1451,1562,1573,178,179
1452,1527,1526,1574,1563
1453,1563,1574,1575,1564
1454,1564,1575,1576,1565
1455,1565,1576,1577,1566
1456,1566,1577,1578,1567
1457,1567,1578,1579,1568
1458,1568,1579,1580,1569
1459,1569,1580,1581,1570
1460,1570,1581,1582,1571
1461,1571,1582,1583,1572
1462,1572,1583,1584,1573
1463,1573,1584,177,178
1464,1526,1525,1585,1574
1465,1574,1585,1586,1575
1466,1575,1586,1587,1576
1467,1576,1587,1588,1577
1468,1577,1588,1589,1578
1469,1578,1589,1590,1579
1470,1579,1590,1591,1580
1471,1580,1591,1592,1581
1472,1581,1592,1593,1582
1473,1582,1593,1594,1583
1474,1583,1594,1595,1584
1475,1584,1595,176,177
1476,1525,1524,1596,1585
1477,1585,1596,1597,1586
1478,1586,1597,1598,1587
1479,1587,1598,1599,1588
1480,1588,1599,1600,1589
1481,1589,1600,1601,1590
1482,1590,1601,1602,1591
1483,1591,1602,1603,1592
1484,1592,1603,1604,1593
1485,1593,1604,1605,1594
1486,1594,1605,1606,1595
1487,1595,1606,175,176
1488,1524,1523,1607,1596
1489,1596,1607,1608,1597
1490,1597,1608,1609,1598
1491,1598,1609,1610,1599
1492,1599,1610,1611,1600
1493,1600,1611,1612,1601
1494,1601,1612,1613,1602
1495,1602,1613,1614,1603
1496,1603,1614,1615,1604
1497,1604,1615,1616,1605
1498,1605,1616,1617,1606
1499,1606,1617,174,175
1500,1523,1522,1618,1607
1501,1607,1618,1619,1608
1502,1608,1619,1620,1609
1503,1609,1620,1621,1610
1504,1610,1621,1622,1611
1505,1611,1622,1623,1612
1506,1612,1623,1624,1613
1507,1613,1624,1625,1614
1508,1614,1625,1626,1615
1509,1615,1626,1627,1616
1510,1616,1627,1628,1617
1511,1617,1628,173,174
1512,1522,1521,1629,1618
1513,1618,1629,1630,1619
1514,1619,1630,1631,1620
1515,1620,1631,1632,1621
1516,1621,1632,1633,1622
1517,1622,1633,1634,1623
1518,1623,1634,1635,1624
1519,1624,1635,1636,1625
1520,1625,1636,1637,1626
1521,1626,1637,1638,1627
1522,1627,1638,1639,1628
1523,1628,1639,172,173
1524,1521,1520,1640,1629
1525,1629,1640,1641,1630
1526,1630,1641,1642,1631
1527,1631,1642,1643,1632
1528,1632,1643,1644,1633
1529,1633,1644,1645,1634
1530,1634,1645,1646,1635
1531,1635,1646,1647,1636
1532,1636,1647,1648,1637
1533,1637,1648,1649,1638
1534,1638,1649,1650,1639
1535,1639,1650,171,172
1536,1520,1519,1651,1640
1537,1640,1651,1652,1641
1538,1641,1652,1653,1642
1539,1642,1653,1654,1643
1540,1643,1654,1655,1644
1541,1644,1655,1656,1645
1542,1645,1656,1657,1646
1543,1646,1657,1658,1647
1544,1647,1658,1659,1648
1545,1648,1659,1660,1649
1546,1649,1660,1661,1650
1547,1650,1661,170,171
1548,1519,1507,1518,1651
1549,1651,1518,1517,1652
1550,1652,1517,1516,1653
1551,1653,1516,1515,1654
1552,1654,1515,1514,1655
1553,1655,1514,1513,1656
1554,1656,1513,1512,1657
1555,1657,1512,1511,1658
1556,1658,1511,1510,1659
1557,1659,1510,1509,1660
1558,1660,1509,1508,1661
1559,1661,1508,169,170
1560,169,1508,1662,168
1561,168,1662,1663,167
1562,167,1663,1664,166
1563,166,1664,1665,165
1564,165,1665,1666,164
1565,164,1666,1667,163
1566,163,1667,1668,162
1567,162,1668,1669,161
1568,161,1669,1670,160
1569,160,1670,1671,159
1570,159,1671,1672,158
1571,158,1672,181,5
1572,1508,1509,1673,1662
1573,1662,1673,1674,1663
1574,1663,1674,1675,1664
1575,1664,1675,1676,1665
1576,1665,1676,1677,1666
1577,1666,1677,1678,1667
1578,1667,1678,1679,1668
1579,1668,1679,1680,1669
1580,1669,1680,1681,1670
1581,1670,1681,1682,1671
1582,1671,1682,1683,1672
1583,1672,1683,182,181
1584,1509,1510,1684,1673
1585,1673,1684,1685,1674
1586,1674,1685,1686,1675
1587,1675,1686,1687,1676
1588,1676,1687,1688,1677
1589,1677,1688,1689,1678
1590,1678,1689,1690,1679
1591,1679,1690,1691,1680
1592,1680,1691,1692,1681
1593,1681,1692,1693,1682
1594,1682,1693,1694,1683
1595,1683,1694,183,182
1596,1510,1511,1695,1684
1597,1684,1695,1696,1685
1598,1685,1696,1697,1686
1599,1686,1697,1698,1687
1600,1687,1698,1699,1688
1601,1688,1699,1700,1689
1602,1689,1700,1701,1690
1603,1690,1701,1702,1691
1604,1691,1702,1703,1692
1605,1692,1703,1704,1693
1606,1693,1704,1705,1694
1607,1694,1705,184,183
1608,1511,1512,1706,1695
1609,1695,1706,1707,1696
1610,1696,1707,1708,1697
1611,1697,1708,1709,1698
1612,1698,1709,1710,1699
1613,1699,1710,1711,1700
1614,1700,1711,1712,1701
1615,1701,1712,1713,1702
1616,1702,1713,1714,1703
1617,1703,1714,1715,1704
1618,1704,1715,1716,1705
1619,1705,1716,185,184
1620,1512,1513,1717,1706
1621,1706,1717,1718,1707
1622,1707,1718,1719,1708
1623,1708,1719,1720,1709
1624,1709,1720,1721,1710
1625,1710,1721,1722,1711
1626,1711,1722,1723,1712
1627,1712,1723,1724,1713
1628,1713,1724,1725,1714
1629,1714,1725,1726,1715
1630,1715,1726,1727,1716
1631,1716,1727,186,185
1632,1513,1514,1728,1717
1633,1717,1728,1729,1718
1634,1718,1729,1730,1719
1635,1719,1730,1731,1720
1636,1720,1731,1732,1721
1637,1721,1732,1733,1722
1638,1722,1733,1734,1723
1639,1723,1734,1735,1724
1640,1724,1735,1736,1725
1641,1725,1736,1737,1726
1642,1726,1737,1738,1727
1643,1727,1738,187,186
1644,1514,1515,1739,1728
1645,1728,1739,1740,1729
1646,1729,1740,1741,1730
1647,1730,1741,1742,1731
1648,1731,1742,1743,1732
1649,1732,1743,1744,1733
1650,1733,1744,1745,1734
1651,1734,1745,1746,1735
1652,1735,1746,1747,1736
1653,1736,1747,1748,1737
1654,1737,1748,1749,1738
1655,1738,1749,188,187
1656,1515,1516,1750,1739
1657,1739,1750,1751,1740
1658,1740,1751,1752,1741
1659,1741,1752,1753,1742
1660,1742,1753,1754,1743
1661,1743,1754,1755,1744
1662,1744,1755,1756,1745
1663,1745,1756,1757,1746
1664,1746,1757,1758,1747
1665,1747,1758,1759,1748
1666,1748,1759,1760,1749
1667,1749,1760,189,188
1668,1516,1517,1761,1750
1669,1750,1761,1762,1751
1670,1751,1762,1763,1752
1671,1752,1763,1764,1753
1672,1753,1764,1765,1754
1673,1754,1765,1766,1755
1674,1755,1766,1767,1756
1675,1756,1767,1768,1757
1676,1757,1768,1769,1758
1677,1758,1769,1770,1759
1678,1759,1770,1771,1760
1679,1760,1771,190,189
1680,1517,1518,1772,1761
1681,1761,1772,1773,1762
1682,1762,1773,1774,1763
1683,1763,1774,1775,1764
1684,1764,1775,1776,1765
1685,1765,1776,1777,1766
1686,1766,1777,1778,1767
1687,1767,1778,1779,1768
1688,1768,1779,1780,1769
1689,1769,1780,1781,1770
1690,1770,1781,1782,1771
1691,1771,1782,191,190
1692,1518,1507,1540,1772
1693,1772,1540,1539,1773
1694,1773,1539,1538,1774
1695,1774,1538,1537,1775
1696,1775,1537,1536,1776
1697,1776,1536,1535,1777
1698,1777,1535,1534,1778
1699,1778,1534,1533,1779
1700,1779,1533,1532,1780
1701,1780,1532,1531,1781
1702,1781,1531,1530,1782
1703,1782,1530,192,191
1704,192,1530,1783,193
1705,193,1783,1784,194
1706,194,1784,1785,195
1707,195,1785,1786,196
1708,196,1786,1787,197
1709,197,1787,1788,198
1710,198,1788,1789,199
1711,199,1789,1790,200
1712,200,1790,1791,201
1713,201,1791,1792,202
1714,202,1792,1793,203
1715,203,1793,120,4
1716,1530,1531,1794,1783
1717,1783,1794,1795,1784
1718,1784,1795,1796,1785
1719,1785,1796,1797,1786
1720,1786,1797,1798,1787
1721,1787,1798,1799,1788
1722,1788,1799,1800,1789
1723,1789,1800,1801,1790
1724,1790,1801,1802,1791
1725,1791,1802,1803,1792
1726,1792,1803,1804,1793
1727,1793,1804,119,120
1728,1531,1532,1805,1794
1729,1794,1805,1806,1795
1730,1795,1806,1807,1796
1731,1796,1807,1808,1797
1732,1797,1808,1809,1798
1733,1798,1809,1810,1799
1734,1799,1810,1811,1800
1735,1800,1811,1812,1801
1736,1801,1812,1813,1802
1737,1802,1813,1814,1803
1738,1803,1814,1815,1804
1739,1804,1815,118,119
1740,1532,1533,1816,1805
1741,1805,1816,1817,1806
1742,1806,1817,1818,1807
1743,1807,1818,1819,1808
1744,1808,1819,1820,1809
1745,1809,1820,1821,1810
1746,1810,1821,1822,1811
1747,1811,1822,1823,1812
1748,1812,1823,1824,1813
1749,1813,1824,1825,1814
1750,1814,1825,1826,1815
1751,1815,1826,117,118
1752,1533,1534,1827,1816
1753,1816,1827,1828,1817
1754,1817,1828,1829,1818
1755,1818,1829,1830,1819
1756,1819,1830,1831,1820
1757,1820,1831,1832,1821
1758,1821,1832,1833,1822
1759,1822,1833,1834,1823
1760,1823,1834,1835,1824
1761,1824,1835,1836,1825
1762,1825,1836,1837,1826
1763,1826,1837,116,117
1764,1534,1535,1838,1827
1765,1827,1838,1839,1828
1766,1828,1839,1840,1829
1767,1829,1840,1841,1830
1768,1830,1841,1842,1831
1769,1831,1842,1843,1832
1770,1832,1843,1844,1833
1771,1833,1844,1845,1834
1772,1834,1845,1846,1835
1773,1835,1846,1847,1836
1774,1836,1847,1848,1837
1775,1837,1848,115,116
1776,1535,1536,1849,1838
1777,1838,1849,1850,1839
1778,1839,1850,1851,1840
1779,1840,1851,1852,1841
1780,1841,1852,1853,1842
1781,1842,1853,1854,1843
1782,1843,1854,1855,1844
1783,1844,1855,1856,1845
1784,1845,1856,1857,1846
1785,1846,1857,1858,1847
1786,1847,1858,1859,1848
1787,1848,1859,114,115
1788,1536,1537,1860,1849
1789,1849,1860,1861,1850
1790,1850,1861,1862,1851
1791,1851,1862,1863,1852
1792,1852,1863,1864,1853
1793,1853,1864,1865,1854
1794,1854,1865,1866,1855
1795,1855,1866,1867,1856
1796,1856,1867,1868,1857
1797,1857,1868,1869,1858
1798,1858,1869,1870,1859
1799,1859,1870,113,114
1800,1537,1538,1871,1860
1801,1860,1871,1872,1861
1802,1861,1872,1873,1862
1803,1862,1873,1874,1863
1804,1863,1874,1875,1864
1805,1864,1875,1876,1865
1806,1865,1876,1877,1866
1807,1866,1877,1878,1867
1808,1867,1878,1879,1868
1809,1868,1879,1880,1869
1810,1869,1880,1881,1870
1811,1870,1881,112,113
1812,1538,1539,1882,1871
1813,1871,1882,1883,1872
1814,1872,1883,1884,1873
1815,1873,1884,1885,1874
1816,1874,1885,1886,1875
1817,1875,1886,1887,1876
1818,1876,1887,1888,1877
1819,1877,1888,1889,1878
1820,1878,1889,1890,1879
1821,1879,1890,1891,1880
1822,1880,1891,1892,1881
1823,1881,1892,111,112
1824,1539,1540,1893,1882
1825,1882,1893,1894,1883
1826,1883,1894,1895,1884
1827,1884,1895,1896,1885
1828,1885,1896,1897,1886
1829,1886,1897,1898,1887
1830,1887,1898,1899,1888
1831,1888,1899,1900,1889
1832,1889,1900,1901,1890
1833,1890,1901,1902,1891
1834,1891,1902,1903,1892
1835,1892,1903,110,111
1836,1540,1507,1519,1893
1837,1893,1519,1520,1894
1838,1894,1520,1521,1895
1839,1895,1521,1522,1896
1840,1896,1522,1523,1897
1841,1897,1523,1524,1898
1842,1898,1524,1525,1899
1843,1899,1525,1526,1900
1844,1900,1526,1527,1901
1845,1901,1527,1528,1902
1846,1902,1528,1529,1903
1847,1903,1529,109,110
