1,17,18,238,226
2,18,19,239,238
3,19,20,240,239
4,20,21,241,240
5,21,22,242,241
6,22,23,243,242
7,23,24,244,243
8,24,25,245,244
9,25,26,246,245
10,26,27,247,246
11,27,28,248,247
12,28,1,29,248
13,226,238,249,225
14,238,239,250,249
15,239,240,251,250
16,240,241,252,251
17,241,242,253,252
18,242,243,254,253
19,243,244,255,254
20,244,245,256,255
21,245,246,257,256
22,246,247,258,257
23,247,248,259,258
24,248,29,30,259
25,225,249,260,224
26,249,250,261,260
27,250,251,262,261
28,251,252,263,262
29,252,253,264,263
30,253,254,265,264
31,254,255,266,265
32,255,256,267,266
33,256,257,268,267
34,257,258,269,268
35,258,259,270,269
36,259,30,31,270
37,224,260,271,223
38,260,261,272,271
39,261,262,273,272
40,262,263,274,273
41,263,264,275,274
42,264,265,276,275
43,265,266,277,276
44,266,267,278,277
45,267,268,279,278
46,268,269,280,279
47,269,270,281,280
48,270,31,32,281
49,223,271,282,222
50,271,272,283,282
51,272,273,284,283
52,273,274,285,284
53,274,275,286,285
54,275,276,287,286
55,276,277,288,287
56,277,278,289,288
57,278,279,290,289
58,279,280,291,290
59,280,281,292,291
60,281,32,33,292
61,222,282,293,221
62,282,283,294,293
63,283,284,295,294
64,284,285,296,295
65,285,286,297,296
66,286,287,298,297
67,287,288,299,298
68,288,289,300,299
69,289,290,301,300
70,290,291,302,301
71,291,292,303,302
72,292,33,34,303
73,221,293,304,220
74,293,294,305,304
75,294,295,306,305
76,295,296,307,306
77,296,297,308,307
78,297,298,309,308
79,298,299,310,309
80,299,300,311,310
81,300,301,312,311
82,301,302,313,312
83,302,303,314,313
84,303,34,35,314
85,220,304,315,219
86,304,305,316,315
87,305,306,317,316
88,306,307,318,317
89,307,308,319,318
90,308,309,320,319
91,309,310,321,320
92,310,311,322,321
93,311,312,323,322
94,312,313,324,323
95,313,314,325,324
96,314,35,36,325
97,219,315,326,218
98,315,316,327,326
99,316,317,328,327
100,317,318,329,328
101,318,319,330,329
102,319,320,331,330
103,320,321,332,331
104,321,322,333,332
105,322,323,334,333
106,323,324,335,334
107,324,325,336,335
108,325,36,37,336
109,218,326,337,217
110,326,327,338,337
111,327,328,339,338
112,328,329,340,339
113,329,330,341,340
114,330,331,342,341
115,331,332,343,342
116,332,333,344,343
117,333,334,345,344
118,334,335,346,345
119,335,336,347,346
120,336,37,38,347
121,217,337,348,216
122,337,338,349,348
123,338,339,350,349
124,339,340,351,350
125,340,341,352,351
126,341,342,353,352
127,342,343,354,353
128,343,344,355,354
129,344,345,356,355
130,345,346,357,356
131,346,347,358,357
132,347,38,39,358
133,216,348,215,204
134,348,349,214,215
135,349,350,213,214
136,350,351,212,213
137,351,352,211,212
138,352,353,210,211
139,353,354,209,210
140,354,355,208,209
141,355,356,207,208
142,356,357,206,207
143,357,358,205,206
144,358,39,40,205
145,40,41,359,205
146,41,42,360,359
147,42,43,361,360
148,43,44,362,361
149,44,45,363,362
150,45,46,364,363
151,46,47,365,364
152,47,48,366,365
153,48,49,367,366
154,49,50,368,367
155,50,51,369,368
156,51,2,52,369
157,205,359,370,206
158,359,360,371,370
159,360,361,372,371
160,361,362,373,372
161,362,363,374,373
162,363,364,375,374
163,364,365,376,375
164,365,366,377,376
165,366,367,378,377
166,367,368,379,378
167,368,369,380,379
168,369,52,53,380
169,206,370,381,207
170,370,371,382,381
171,371,372,383,382
172,372,373,384,383
173,373,374,385,384
174,374,375,386,385
175,375,376,387,386
176,376,377,388,387
177,377,378,389,388
178,378,379,390,389
179,379,380,391,390
180,380,53,54,391
181,207,381,392,208
182,381,382,393,392
183,382,383,394,393
184,383,384,395,394
185,384,385,396,395
186,385,386,397,396
187,386,387,398,397
188,387,388,399,398
189,388,389,400,399
190,389,390,401,400
191,390,391,402,401
192,391,54,55,402
193,208,392,403,209
194,392,393,404,403
195,393,394,405,404
196,394,395,406,405
197,395,396,407,406
198,396,397,408,407
199,397,398,409,408
200,398,399,410,409
201,399,400,411,410
202,400,401,412,411
203,401,402,413,412
204,402,55,56,413
205,209,403,414,210
206,403,404,415,414
207,404,405,416,415
208,405,406,417,416
209,406,407,418,417
210,407,408,419,418
211,408,409,420,419
212,409,410,421,420
213,410,411,422,421
214,411,412,423,422
215,412,413,424,423
216,413,56,57,424
217,210,414,425,211
218,414,415,426,425
219,415,416,427,426
220,416,417,428,427
221,417,418,429,428
222,418,419,430,429
223,419,420,431,430
224,420,421,432,431
225,421,422,433,432
226,422,423,434,433
227,423,424,435,434
228,424,57,58,435
229,211,425,436,212
230,425,426,437,436
231,426,427,438,437
232,427,428,439,438
233,428,429,440,439
234,429,430,441,440
235,430,431,442,441
236,431,432,443,442
237,432,433,444,443
238,433,434,445,444
239,434,435,446,445
240,435,58,59,446
241,212,436,447,213
242,436,437,448,447
243,437,438,449,448
244,438,439,450,449
245,439,440,451,450
246,440,441,452,451
247,441,442,453,452
248,442,443,454,453
249,443,444,455,454
250,444,445,456,455
251,445,446,457,456
252,446,59,60,457
253,213,447,458,214
254,447,448,459,458
255,448,449,460,459
256,449,450,461,460
257,450,451,462,461
258,451,452,463,462
259,452,453,464,463
260,453,454,465,464
261,454,455,466,465
262,455,456,467,466
263,456,457,468,467
264,457,60,61,468
265,214,458,469,215
266,458,459,470,469
267,459,460,471,470
268,460,461,472,471
269,461,462,473,472
270,462,463,474,473
271,463,464,475,474
272,464,465,476,475
273,465,466,477,476
274,466,467,478,477
275,467,468,479,478
276,468,61,62,479
277,215,469,237,204
278,469,470,236,237
279,470,471,235,236
280,471,472,234,235
281,472,473,233,234
282,473,474,232,233
283,474,475,231,232
284,475,476,230,231
285,476,477,229,230
286,477,478,228,229
287,478,479,227,228
288,479,62,63,227
289,63,64,480,227
290,64,65,481,480
291,65,66,482,481
292,66,67,483,482
293,67,68,484,483
294,68,69,485,484
295,69,70,486,485
296,70,71,487,486
297,71,72,488,487
298,72,73,489,488
299,73,74,490,489
300,74,3,6,490
301,227,480,491,228
302,480,481,492,491
303,481,482,493,492
304,482,483,494,493
305,483,484,495,494
306,484,485,496,495
307,485,486,497,496
308,486,487,498,497
309,487,488,499,498
310,488,489,500,499
311,489,490,501,500
312,490,6,7,501
313,228,491,502,229
314,491,492,503,502
315,492,493,504,503
316,493,494,505,504
317,494,495,506,505
318,495,496,507,506
319,496,497,508,507
320,497,498,509,508
321,498,499,510,509
322,499,500,511,510
323,500,501,512,511
324,501,7,8,512
325,229,502,513,230
326,502,503,514,513
327,503,504,515,514
328,504,505,516,515
329,505,506,517,516
330,506,507,518,517
331,507,508,519,518
332,508,509,520,519
333,509,510,521,520
334,510,511,522,521
335,511,512,523,522
336,512,8,9,523
337,230,513,524,231
338,513,514,525,524
339,514,515,526,525
340,515,516,527,526
341,516,517,528,527
342,517,518,529,528
343,518,519,530,529
344,519,520,531,530
345,520,521,532,531
346,521,522,533,532
347,522,523,534,533
348,523,9,10,534
349,231,524,535,232
350,524,525,536,535
351,525,526,537,536
352,526,527,538,537
353,527,528,539,538
354,528,529,540,539
355,529,530,541,540
356,530,531,542,541
357,531,532,543,542
358,532,533,544,543
359,533,534,545,544
360,534,10,11,545
361,232,535,546,233
362,535,536,547,546
363,536,537,548,547
364,537,538,549,548
365,538,539,550,549
366,539,540,551,550
367,540,541,552,551
368,541,542,553,552
369,542,543,554,553
370,543,544,555,554
371,544,545,556,555
372,545,11,12,556
373,233,546,557,234
374,546,547,558,557
375,547,548,559,558
376,548,549,560,559
377,549,550,561,560
378,550,551,562,561
379,551,552,563,562
380,552,553,564,563
381,553,554,565,564
382,554,555,566,565
383,555,556,567,566
384,556,12,13,567
385,234,557,568,235
386,557,558,569,568
387,558,559,570,569
388,559,560,571,570
389,560,561,572,571
390,561,562,573,572
391,562,563,574,573
392,563,564,575,574
393,564,565,576,575
394,565,566,577,576
395,566,567,578,577
396,567,13,14,578
397,235,568,579,236
398,568,569,580,579
399,569,570,581,580
400,570,571,582,581
401,571,572,583,582
402,572,573,584,583
403,573,574,585,584
404,574,575,586,585
405,575,576,587,586
406,576,577,588,587
407,577,578,589,588
408,578,14,15,589
409,236,579,590,237
410,579,580,591,590
411,580,581,592,591
412,581,582,593,592
413,582,583,594,593
414,583,584,595,594
415,584,585,596,595
416,585,586,597,596
417,586,587,598,597
418,587,588,599,598
419,588,589,600,599
420,589,15,16,600
421,237,590,216,204
422,590,591,217,216
423,591,592,218,217
424,592,593,219,218
425,593,594,220,219
426,594,595,221,220
427,595,596,222,221
428,596,597,223,222
429,597,598,224,223
430,598,599,225,224
431,599,600,226,225
432,600,16,17,226
433,86,87,635,623
434,87,88,636,635
435,88,89,637,636
436,89,90,638,637
437,90,91,639,638
438,91,92,640,639
439,92,93,641,640
440,93,94,642,641
441,94,95,643,642
442,95,96,644,643
443,96,97,645,644
444,97,2,51,645
445,623,635,646,622
446,635,636,647,646
447,636,637,648,647
448,637,638,649,648
449,638,639,650,649
450,639,640,651,650
451,640,641,652,651
452,641,642,653,652
453,642,643,654,653
454,643,644,655,654
455,644,645,656,655
456,645,51,50,656
457,622,646,657,621
458,646,647,658,657
459,647,648,659,658
460,648,649,660,659
461,649,650,661,660
462,650,651,662,661
463,651,652,663,662
464,652,653,664,663
465,653,654,665,664
466,654,655,666,665
467,655,656,667,666
468,656,50,49,667
469,621,657,668,620
470,657,658,669,668
471,658,659,670,669
472,659,660,671,670
473,660,661,672,671
474,661,662,673,672
475,662,663,674,673
476,663,664,675,674
477,664,665,676,675
478,665,666,677,676
479,666,667,678,677
480,667,49,48,678
481,620,668,679,619
482,668,669,680,679
483,669,670,681,680
484,670,671,682,681
485,671,672,683,682
486,672,673,684,683
487,673,674,685,684
488,674,675,686,685
489,675,676,687,686
490,676,677,688,687
491,677,678,689,688
492,678,48,47,689
493,619,679,690,618
494,679,680,691,690
495,680,681,692,691
496,681,682,693,692
497,682,683,694,693
498,683,684,695,694
499,684,685,696,695
500,685,686,697,696
501,686,687,698,697
502,687,688,699,698
503,688,689,700,699
504,689,47,46,700
505,618,690,701,617
506,690,691,702,701
507,691,692,703,702
508,692,693,704,703
509,693,694,705,704
510,694,695,706,705
511,695,696,707,706
512,696,697,708,707
513,697,698,709,708
514,698,699,710,709
515,699,700,711,710
516,700,46,45,711
517,617,701,712,616
518,701,702,713,712
519,702,703,714,713
520,703,704,715,714
521,704,705,716,715
522,705,706,717,716
523,706,707,718,717
524,707,708,719,718
525,708,709,720,719
526,709,710,721,720
527,710,711,722,721
528,711,45,44,722
529,616,712,723,615
530,712,713,724,723
531,713,714,725,724
532,714,715,726,725
533,715,716,727,726
534,716,717,728,727
535,717,718,729,728
536,718,719,730,729
537,719,720,731,730
538,720,721,732,731
539,721,722,733,732
540,722,44,43,733
541,615,723,734,614
542,723,724,735,734
543,724,725,736,735
544,725,726,737,736
545,726,727,738,737
546,727,728,739,738
547,728,729,740,739
548,729,730,741,740
549,730,731,742,741
550,731,732,743,742
551,732,733,744,743
552,733,43,42,744
553,614,734,745,613
554,734,735,746,745
555,735,736,747,746
556,736,737,748,747
557,737,738,749,748
558,738,739,750,749
559,739,740,751,750
560,740,741,752,751
561,741,742,753,752
562,742,743,754,753
563,743,744,755,754
564,744,42,41,755
565,613,745,612,601
566,745,746,611,612
567,746,747,610,611
568,747,748,609,610
569,748,749,608,609
570,749,750,607,608
571,750,751,606,607
572,751,752,605,606
573,752,753,604,605
574,753,754,603,604
575,754,755,602,603
576,755,41,40,602
577,40,39,756,602
578,39,38,757,756
579,38,37,758,757
580,37,36,759,758
581,36,35,760,759
582,35,34,761,760
583,34,33,762,761
584,33,32,763,762
585,32,31,764,763
586,31,30,765,764
587,30,29,766,765
588,29,1,98,766
589,602,756,767,603
590,756,757,768,767
591,757,758,769,768
592,758,759,770,769
593,759,760,771,770
594,760,761,772,771
595,761,762,773,772
596,762,763,774,773
597,763,764,775,774
598,764,765,776,775
599,765,766,777,776
600,766,98,99,777
601,603,767,778,604
602,767,768,779,778
603,768,769,780,779
604,769,770,781,780
605,770,771,782,781
606,771,772,783,782
607,772,773,784,783
608,773,774,785,784
609,774,775,786,785
610,775,776,787,786
611,776,777,788,787
612,777,99,100,788
613,604,778,789,605
614,778,779,790,789
615,779,780,791,790
616,780,781,792,791
617,781,782,793,792
618,782,783,794,793
619,783,784,795,794
620,784,785,796,795
621,785,786,797,796
622,786,787,798,797
623,787,788,799,798
624,788,100,101,799
625,605,789,800,606
626,789,790,801,800
627,790,791,802,801
628,791,792,803,802
629,792,793,804,803
630,793,794,805,804
631,794,795,806,805
632,795,796,807,806
633,796,797,808,807
634,797,798,809,808
635,798,799,810,809
636,799,101,102,810
637,606,800,811,607
638,800,801,812,811
639,801,802,813,812
640,802,803,814,813
641,803,804,815,814
642,804,805,816,815
643,805,806,817,816
644,806,807,818,817
645,807,808,819,818
646,808,809,820,819
647,809,810,821,820
648,810,102,103,821
649,607,811,822,608
650,811,812,823,822
651,812,813,824,823
652,813,814,825,824
653,814,815,826,825
654,815,816,827,826
655,816,817,828,827
656,817,818,829,828
657,818,819,830,829
658,819,820,831,830
659,820,821,832,831
660,821,103,104,832
661,608,822,833,609
662,822,823,834,833
663,823,824,835,834
664,824,825,836,835
665,825,826,837,836
666,826,827,838,837
667,827,828,839,838
668,828,829,840,839
669,829,830,841,840
670,830,831,842,841
671,831,832,843,842
672,832,104,105,843
673,609,833,844,610
674,833,834,845,844
675,834,835,846,845
676,835,836,847,846
677,836,837,848,847
678,837,838,849,848
679,838,839,850,849
680,839,840,851,850
681,840,841,852,851
682,841,842,853,852
683,842,843,854,853
684,843,105,106,854
685,610,844,855,611
686,844,845,856,855
687,845,846,857,856
688,846,847,858,857
689,847,848,859,858
690,848,849,860,859
691,849,850,861,860
692,850,851,862,861
693,851,852,863,862
694,852,853,864,863
695,853,854,865,864
696,854,106,107,865
697,611,855,866,612
698,855,856,867,866
699,856,857,868,867
700,857,858,869,868
701,858,859,870,869
702,859,860,871,870
703,860,861,872,871
704,861,862,873,872
705,862,863,874,873
706,863,864,875,874
707,864,865,876,875
708,865,107,108,876
709,612,866,634,601
710,866,867,633,634
711,867,868,632,633
712,868,869,631,632
713,869,870,630,631
714,870,871,629,630
715,871,872,628,629
716,872,873,627,628
717,873,874,626,627
718,874,875,625,626
719,875,876,624,625
720,876,108,109,624
721,109,110,877,624
722,110,111,878,877
723,111,112,879,878
724,112,113,880,879
725,113,114,881,880
726,114,115,882,881
727,115,116,883,882
728,116,117,884,883
729,117,118,885,884
730,118,119,886,885
731,119,120,887,886
732,120,4,75,887
733,624,877,888,625
734,877,878,889,888
735,878,879,890,889
736,879,880,891,890
737,880,881,892,891
738,881,882,893,892
739,882,883,894,893
740,883,884,895,894
741,884,885,896,895
742,885,886,897,896
743,886,887,898,897
744,887,75,76,898
745,625,888,899,626
746,888,889,900,899
747,889,890,901,900
748,890,891,902,901
749,891,892,903,902
750,892,893,904,903
751,893,894,905,904
752,894,895,906,905
753,895,896,907,906
754,896,897,908,907
755,897,898,909,908
756,898,76,77,909
757,626,899,910,627
758,899,900,911,910
759,900,901,912,911
760,901,902,913,912
761,902,903,914,913
762,903,904,915,914
763,904,905,916,915
764,905,906,917,916
765,906,907,918,917
766,907,908,919,918
767,908,909,920,919
768,909,77,78,920
769,627,910,921,628
770,910,911,922,921
771,911,912,923,922
772,912,913,924,923
773,913,914,925,924
774,914,915,926,925
775,915,916,927,926
776,916,917,928,927
777,917,918,929,928
778,918,919,930,929
779,919,920,931,930
780,920,78,79,931
781,628,921,932,629
782,921,922,933,932
783,922,923,934,933
784,923,924,935,934
785,924,925,936,935
786,925,926,937,936
787,926,927,938,937
788,927,928,939,938
789,928,929,940,939
790,929,930,941,940
791,930,931,942,941
792,931,79,80,942
793,629,932,943,630
794,932,933,944,943
795,933,934,945,944
796,934,935,946,945
797,935,936,947,946
798,936,937,948,947
799,937,938,949,948
800,938,939,950,949
801,939,940,951,950
802,940,941,952,951
803,941,942,953,952
804,942,80,81,953
805,630,943,954,631
806,943,944,955,954
807,944,945,956,955
808,945,946,957,956
809,946,947,958,957
810,947,948,959,958
811,948,949,960,959
812,949,950,961,960
813,950,951,962,961
814,951,952,963,962
815,952,953,964,963
816,953,81,82,964
817,631,954,965,632
818,954,955,966,965
819,955,956,967,966
820,956,957,968,967
821,957,958,969,968
822,958,959,970,969
823,959,960,971,970
824,960,961,972,971
825,961,962,973,972
826,962,963,974,973
827,963,964,975,974
828,964,82,83,975
829,632,965,976,633
830,965,966,977,976
831,966,967,978,977
832,967,968,979,978
833,968,969,980,979
834,969,970,981,980
835,970,971,982,981
836,971,972,983,982
837,972,973,984,983
838,973,974,985,984
839,974,975,986,985
840,975,83,84,986
841,633,976,987,634
842,976,977,988,987
843,977,978,989,988
844,978,979,990,989
845,979,980,991,990
846,980,981,992,991
847,981,982,993,992
848,982,983,994,993
849,983,984,995,994
850,984,985,996,995
851,985,986,997,996
852,986,84,85,997
853,634,987,613,601
854,987,988,614,613
855,988,989,615,614
856,989,990,616,615
857,990,991,617,616
858,991,992,618,617
859,992,993,619,618
860,993,994,620,619
861,994,995,621,620
862,995,996,622,621
863,996,997,623,622
864,997,85,86,623
865,139,140,1039,1020
866,140,141,1040,1039
867,141,142,1041,1040
868,142,143,1042,1041
869,143,144,1043,1042
870,144,145,1044,1043
871,145,146,1045,1044
872,146,147,1046,1045
873,147,148,1047,1046
874,148,149,1048,1047
875,149,150,1049,1048
876,150,151,1050,1049
877,151,152,1051,1050
878,152,153,1052,1051
879,153,154,1053,1052
880,154,155,1054,1053
881,155,156,1055,1054
882,156,157,1056,1055
883,157,5,158,1056
884,1020,1039,1057,1019
885,1039,1040,1058,1057
886,1040,1041,1059,1058
887,1041,1042,1060,1059
888,1042,1043,1061,1060
889,1043,1044,1062,1061
890,1044,1045,1063,1062
891,1045,1046,1064,1063
892,1046,1047,1065,1064
893,1047,1048,1066,1065
894,1048,1049,1067,1066
895,1049,1050,1068,1067
896,1050,1051,1069,1068
897,1051,1052,1070,1069
898,1052,1053,1071,1070
899,1053,1054,1072,1071
900,1054,1055,1073,1072
901,1055,1056,1074,1073
902,1056,158,159,1074
903,1019,1057,1075,1018
904,1057,1058,1076,1075
905,1058,1059,1077,1076
906,1059,1060,1078,1077
907,1060,1061,1079,1078
908,1061,1062,1080,1079
909,1062,1063,1081,1080
910,1063,1064,1082,1081
911,1064,1065,1083,1082
912,1065,1066,1084,1083
913,1066,1067,1085,1084
914,1067,1068,1086,1085
915,1068,1069,1087,1086
916,1069,1070,1088,1087
917,1070,1071,1089,1088
918,1071,1072,1090,1089
919,1072,1073,1091,1090
920,1073,1074,1092,1091
921,1074,159,160,1092
922,1018,1075,1093,1017
923,1075,1076,1094,1093
924,1076,1077,1095,1094
925,1077,1078,1096,1095
926,1078,1079,1097,1096
927,1079,1080,1098,1097
928,1080,1081,1099,1098
929,1081,1082,1100,1099
930,1082,1083,1101,1100
931,1083,1084,1102,1101
932,1084,1085,1103,1102
933,1085,1086,1104,1103
934,1086,1087,1105,1104
935,1087,1088,1106,1105
936,1088,1089,1107,1106
937,1089,1090,1108,1107
938,1090,1091,1109,1108
939,1091,1092,1110,1109
940,1092,160,161,1110
941,1017,1093,1016,998
942,1093,1094,1015,1016
943,1094,1095,1014,1015
944,1095,1096,1013,1014
945,1096,1097,1012,1013
946,1097,1098,1011,1012
947,1098,1099,1010,1011
948,1099,1100,1009,1010
949,1100,1101,1008,1009
950,1101,1102,1007,1008
951,1102,1103,1006,1007
952,1103,1104,1005,1006
953,1104,1105,1004,1005
954,1105,1106,1003,1004
955,1106,1107,1002,1003
956,1107,1108,1001,1002
957,1108,1109,1000,1001
958,1109,1110,999,1000
959,1110,161,162,999
960,162,163,1111,999
961,163,164,1112,1111
962,164,165,1113,1112
963,165,166,1114,1113
964,166,167,1115,1114
965,167,168,1116,1115
966,168,169,1117,1116
967,169,170,1118,1117
968,170,171,1119,1118
969,171,172,1120,1119
970,172,173,1121,1120
971,173,174,1122,1121
972,174,175,1123,1122
973,175,176,1124,1123
974,176,177,1125,1124
975,177,178,1126,1125
976,178,179,1127,1126
977,179,180,1128,1127
978,180,1,28,1128
979,999,1111,1129,1000
980,1111,1112,1130,1129
981,1112,1113,1131,1130
982,1113,1114,1132,1131
983,1114,1115,1133,1132
984,1115,1116,1134,1133
985,1116,1117,1135,1134
986,1117,1118,1136,1135
987,1118,1119,1137,1136
988,1119,1120,1138,1137
989,1120,1121,1139,1138
990,1121,1122,1140,1139
991,1122,1123,1141,1140
992,1123,1124,1142,1141
993,1124,1125,1143,1142
994,1125,1126,1144,1143
995,1126,1127,1145,1144
996,1127,1128,1146,1145
997,1128,28,27,1146
998,1000,1129,1147,1001
999,1129,1130,1148,1147
1000,1130,1131,1149,1148
1001,1131,1132,1150,1149
1002,1132,1133,1151,1150
1003,1133,1134,1152,1151
1004,1134,1135,1153,1152
1005,1135,1136,1154,1153
1006,1136,1137,1155,1154
1007,1137,1138,1156,1155
1008,1138,1139,1157,1156
1009,1139,1140,1158,1157
1010,1140,1141,1159,1158
1011,1141,1142,1160,1159
1012,1142,1143,1161,1160
1013,1143,1144,1162,1161
1014,1144,1145,1163,1162
1015,1145,1146,1164,1163
1016,1146,27,26,1164
1017,1001,1147,1165,1002
1018,1147,1148,1166,1165
1019,1148,1149,1167,1166
1020,1149,1150,1168,1167
1021,1150,1151,1169,1168
1022,1151,1152,1170,1169
1023,1152,1153,1171,1170
1024,1153,1154,1172,1171
1025,1154,1155,1173,1172
1026,1155,1156,1174,1173
1027,1156,1157,1175,1174
1028,1157,1158,1176,1175
1029,1158,1159,1177,1176
1030,1159,1160,1178,1177
1031,1160,1161,1179,1178
1032,1161,1162,1180,1179
1033,1162,1163,1181,1180
1034,1163,1164,1182,1181
1035,1164,26,25,1182
1036,1002,1165,1183,1003
1037,1165,1166,1184,1183
1038,1166,1167,1185,1184
1039,1167,1168,1186,1185
1040,1168,1169,1187,1186
1041,1169,1170,1188,1187
1042,1170,1171,1189,1188
1043,1171,1172,1190,1189
1044,1172,1173,1191,1190
1045,1173,1174,1192,1191
1046,1174,1175,1193,1192
1047,1175,1176,1194,1193
1048,1176,1177,1195,1194
1049,1177,1178,1196,1195
1050,1178,1179,1197,1196
1051,1179,1180,1198,1197
1052,1180,1181,1199,1198
1053,1181,1182,1200,1199
1054,1182,25,24,1200
1055,1003,1183,1201,1004
1056,1183,1184,1202,1201
1057,1184,1185,1203,1202
1058,1185,1186,1204,1203
1059,1186,1187,1205,1204
1060,1187,1188,1206,1205
1061,1188,1189,1207,1206
1062,1189,1190,1208,1207
1063,1190,1191,1209,1208
1064,1191,1192,1210,1209
1065,1192,1193,1211,1210
1066,1193,1194,1212,1211
1067,1194,1195,1213,1212
1068,1195,1196,1214,1213
1069,1196,1197,1215,1214
1070,1197,1198,1216,1215
1071,1198,1199,1217,1216
1072,1199,1200,1218,1217
1073,1200,24,23,1218
1074,1004,1201,1219,1005
1075,1201,1202,1220,1219
1076,1202,1203,1221,1220
1077,1203,1204,1222,1221
1078,1204,1205,1223,1222
1079,1205,1206,1224,1223
1080,1206,1207,1225,1224
1081,1207,1208,1226,1225
1082,1208,1209,1227,1226
1083,1209,1210,1228,1227
1084,1210,1211,1229,1228
1085,1211,1212,1230,1229
1086,1212,1213,1231,1230
1087,1213,1214,1232,1231
1088,1214,1215,1233,1232
1089,1215,1216,1234,1233
1090,1216,1217,1235,1234
1091,1217,1218,1236,1235
1092,1218,23,22,1236
1093,1005,1219,1237,1006
1094,1219,1220,1238,1237
1095,1220,1221,1239,1238
1096,1221,1222,1240,1239
1097,1222,1223,1241,1240
1098,1223,1224,1242,1241
1099,1224,1225,1243,1242
1100,1225,1226,1244,1243
1101,1226,1227,1245,1244
1102,1227,1228,1246,1245
1103,1228,1229,1247,1246
1104,1229,1230,1248,1247
1105,1230,1231,1249,1248
1106,1231,1232,1250,1249
1107,1232,1233,1251,1250
1108,1233,1234,1252,1251
1109,1234,1235,1253,1252
1110,1235,1236,1254,1253
1111,1236,22,21,1254
1112,1006,1237,1255,1007
1113,1237,1238,1256,1255
1114,1238,1239,1257,1256
1115,1239,1240,1258,1257
1116,1240,1241,1259,1258
1117,1241,1242,1260,1259
1118,1242,1243,1261,1260
1119,1243,1244,1262,1261
1120,1244,1245,1263,1262
1121,1245,1246,1264,1263
1122,1246,1247,1265,1264
1123,1247,1248,1266,1265
1124,1248,1249,1267,1266
1125,1249,1250,1268,1267
1126,1250,1251,1269,1268
1127,1251,1252,1270,1269
1128,1252,1253,1271,1270
1129,1253,1254,1272,1271
1130,1254,21,20,1272
1131,1007,1255,1273,1008
1132,1255,1256,1274,1273
1133,1256,1257,1275,1274
1134,1257,1258,1276,1275
1135,1258,1259,1277,1276
1136,1259,1260,1278,1277
1137,1260,1261,1279,1278
1138,1261,1262,1280,1279
1139,1262,1263,1281,1280
1140,1263,1264,1282,1281
1141,1264,1265,1283,1282
1142,1265,1266,1284,1283
1143,1266,1267,1285,1284
1144,1267,1268,1286,1285
1145,1268,1269,1287,1286
1146,1269,1270,1288,1287
1147,1270,1271,1289,1288
1148,1271,1272,1290,1289
1149,1272,20,19,1290
1150,1008,1273,1291,1009
1151,1273,1274,1292,1291
1152,1274,1275,1293,1292
1153,1275,1276,1294,1293
1154,1276,1277,1295,1294
1155,1277,1278,1296,1295
1156,1278,1279,1297,1296
1157,1279,1280,1298,1297
1158,1280,1281,1299,1298
1159,1281,1282,1300,1299
1160,1282,1283,1301,1300
1161,1283,1284,1302,1301
1162,1284,1285,1303,1302
1163,1285,1286,1304,1303
1164,1286,1287,1305,1304
1165,1287,1288,1306,1305
1166,1288,1289,1307,1306
1167,1289,1290,1308,1307
1168,1290,19,18,1308
1169,1009,1291,1309,1010
1170,1291,1292,1310,1309
1171,1292,1293,1311,1310
1172,1293,1294,1312,1311
1173,1294,1295,1313,1312
1174,1295,1296,1314,1313
1175,1296,1297,1315,1314
1176,1297,1298,1316,1315
1177,1298,1299,1317,1316
1178,1299,1300,1318,1317
1179,1300,1301,1319,1318
1180,1301,1302,1320,1319
1181,1302,1303,1321,1320
1182,1303,1304,1322,1321
1183,1304,1305,1323,1322
1184,1305,1306,1324,1323
1185,1306,1307,1325,1324
1186,1307,1308,1326,1325
1187,1308,18,17,1326
1188,1010,1309,1327,1011
1189,1309,1310,1328,1327
1190,1310,1311,1329,1328
1191,1311,1312,1330,1329
1192,1312,1313,1331,1330
1193,1313,1314,1332,1331
1194,1314,1315,1333,1332
1195,1315,1316,1334,1333
1196,1316,1317,1335,1334
1197,1317,1318,1336,1335
1198,1318,1319,1337,1336
1199,1319,1320,1338,1337
1200,1320,1321,1339,1338
1201,1321,1322,1340,1339
1202,1322,1323,1341,1340
1203,1323,1324,1342,1341
1204,1324,1325,1343,1342
1205,1325,1326,1344,1343
1206,1326,17,16,1344
1207,1011,1327,1345,1012
1208,1327,1328,1346,1345
1209,1328,1329,1347,1346
1210,1329,1330,1348,1347
1211,1330,1331,1349,1348
1212,1331,1332,1350,1349
1213,1332,1333,1351,1350
1214,1333,1334,1352,1351
1215,1334,1335,1353,1352
1216,1335,1336,1354,1353
1217,1336,1337,1355,1354
1218,1337,1338,1356,1355
1219,1338,1339,1357,1356
1220,1339,1340,1358,1357
1221,1340,1341,1359,1358
1222,1341,1342,1360,1359
1223,1342,1343,1361,1360
1224,1343,1344,1362,1361
1225,1344,16,15,1362
1226,1012,1345,1363,1013
1227,1345,1346,1364,1363
1228,1346,1347,1365,1364
1229,1347,1348,1366,1365
1230,1348,1349,1367,1366
1231,1349,1350,1368,1367
1232,1350,1351,1369,1368
1233,1351,1352,1370,1369
1234,1352,1353,1371,1370
1235,1353,1354,1372,1371
1236,1354,1355,1373,1372
1237,1355,1356,1374,1373
1238,1356,1357,1375,1374
1239,1357,1358,1376,1375
1240,1358,1359,1377,1376
1241,1359,1360,1378,1377
1242,1360,1361,1379,1378
1243,1361,1362,1380,1379
1244,1362,15,14,1380
1245,1013,1363,1381,1014
1246,1363,1364,1382,1381
1247,1364,1365,1383,1382
1248,1365,1366,1384,1383
1249,1366,1367,1385,1384
1250,1367,1368,1386,1385
1251,1368,1369,1387,1386
1252,1369,1370,1388,1387
1253,1370,1371,1389,1388
1254,1371,1372,1390,1389
1255,1372,1373,1391,1390
1256,1373,1374,1392,1391
1257,1374,1375,1393,1392
1258,1375,1376,1394,1393
1259,1376,1377,1395,1394
1260,1377,1378,1396,1395
1261,1378,1379,1397,1396
1262,1379,1380,1398,1397
1263,1380,14,13,1398
1264,1014,1381,1399,1015
1265,1381,1382,1400,1399
1266,1382,1383,1401,1400
1267,1383,1384,1402,1401
1268,1384,1385,1403,1402
1269,1385,1386,1404,1403
1270,1386,1387,1405,1404
1271,1387,1388,1406,1405
1272,1388,1389,1407,1406
1273,1389,1390,1408,1407
1274,1390,1391,1409,1408
1275,1391,1392,1410,1409
1276,1392,1393,1411,1410
1277,1393,1394,1412,1411
1278,1394,1395,1413,1412
1279,1395,1396,1414,1413
1280,1396,1397,1415,1414
1281,1397,1398,1416,1415
1282,1398,13,12,1416
1283,1015,1399,1417,1016
1284,1399,1400,1418,1417
1285,1400,1401,1419,1418
1286,1401,1402,1420,1419
1287,1402,1403,1421,1420
1288,1403,1404,1422,1421
1289,1404,1405,1423,1422
1290,1405,1406,1424,1423
1291,1406,1407,1425,1424
1292,1407,1408,1426,1425
1293,1408,1409,1427,1426
1294,1409,1410,1428,1427
1295,1410,1411,1429,1428
1296,1411,1412,1430,1429
1297,1412,1413,1431,1430
1298,1413,1414,1432,1431
1299,1414,1415,1433,1432
1300,1415,1416,1434,1433
1301,1416,12,11,1434
1302,1016,1417,1038,998
1303,1417,1418,1037,1038
1304,1418,1419,1036,1037
1305,1419,1420,1035,1036
1306,1420,1421,1034,1035
1307,1421,1422,1033,1034
1308,1422,1423,1032,1033
1309,1423,1424,1031,1032
1310,1424,1425,1030,1031
1311,1425,1426,1029,1030
1312,1426,1427,1028,1029
1313,1427,1428,1027,1028
1314,1428,1429,1026,1027
1315,1429,1430,1025,1026
1316,1430,1431,1024,1025
1317,1431,1432,1023,1024
1318,1432,1433,1022,1023
1319,1433,1434,1021,1022
1320,1434,11,10,1021
1321,10,9,1435,1021
1322,9,8,1436,1435
1323,8,7,1437,1436
1324,7,6,1438,1437
1325,6,3,121,1438
1326,1021,1435,1439,1022
1327,1435,1436,1440,1439
1328,1436,1437,1441,1440
1329,1437,1438,1442,1441
1330,1438,121,122,1442
1331,1022,1439,1443,1023
1332,1439,1440,1444,1443
1333,1440,1441,1445,1444
1334,1441,1442,1446,1445
1335,1442,122,123,1446
1336,1023,1443,1447,1024
1337,1443,1444,1448,1447
1338,1444,1445,1449,1448
1339,1445,1446,1450,1449
1340,1446,123,124,1450
1341,1024,1447,1451,1025
1342,1447,1448,1452,1451
1343,1448,1449,1453,1452
1344,1449,1450,1454,1453
1345,1450,124,125,1454
1346,1025,1451,1455,1026
1347,1451,1452,1456,1455
1348,1452,1453,1457,1456
1349,1453,1454,1458,1457
1350,1454,125,126,1458
1351,1026,1455,1459,1027
1352,1455,1456,1460,1459
1353,1456,1457,1461,1460
1354,1457,1458,1462,1461
1355,1458,126,127,1462
1356,1027,1459,1463,1028
1357,1459,1460,1464,1463
1358,1460,1461,1465,1464
1359,1461,1462,1466,1465
1360,1462,127,128,1466
1361,1028,1463,1467,1029
1362,1463,1464,1468,1467
1363,1464,1465,1469,1468
1364,1465,1466,1470,1469
1365,1466,128,129,1470
1366,1029,1467,1471,1030
1367,1467,1468,1472,1471
1368,1468,1469,1473,1472
1369,1469,1470,1474,1473
1370,1470,129,130,1474
1371,1030,1471,1475,1031
1372,1471,1472,1476,1475
1373,1472,1473,1477,1476
1374,1473,1474,1478,1477
1375,1474,130,131,1478
1376,1031,1475,1479,1032
1377,1475,1476,1480,1479
1378,1476,1477,1481,1480
1379,1477,1478,1482,1481
1380,1478,131,132,1482
1381,1032,1479,1483,1033
1382,1479,1480,1484,1483
1383,1480,1481,1485,1484
1384,1481,1482,1486,1485
1385,1482,132,133,1486
1386,1033,1483,1487,1034
1387,1483,1484,1488,1487
1388,1484,1485,1489,1488
1389,1485,1486,1490,1489
1390,1486,133,134,1490
1391,1034,1487,1491,1035
1392,1487,1488,1492,1491
1393,1488,1489,1493,1492
1394,1489,1490,1494,1493
1395,1490,134,135,1494
1396,1035,1491,1495,1036
1397,1491,1492,1496,1495
1398,1492,1493,1497,1496
1399,1493,1494,1498,1497
1400,1494,135,136,1498
1401,1036,1495,1499,1037
1402,1495,1496,1500,1499
1403,1496,1497,1501,1500
1404,1497,1498,1502,1501
1405,1498,136,137,1502
1406,1037,1499,1503,1038
1407,1499,1500,1504,1503
1408,1500,1501,1505,1504
1409,1501,1502,1506,1505
1410,1502,137,138,1506
1411,1038,1503,1017,998
1412,1503,1504,1018,1017
1413,1504,1505,1019,1018
1414,1505,1506,1020,1019
1415,1506,138,139,1020
1416,109,108,1541,1529
1417,108,107,1542,1541
1418,107,106,1543,1542
1419,106,105,1544,1543
1420,105,104,1545,1544
1421,104,103,1546,1545
1422,103,102,1547,1546
1423,102,101,1548,1547
1424,101,100,1549,1548
1425,100,99,1550,1549
1426,99,98,1551,1550
1427,98,1,180,1551
1428,1529,1541,1552,1528
1429,1541,1542,1553,1552
1430,1542,1543,1554,1553
1431,1543,1544,1555,1554
1432,1544,1545,1556,1555
1433,1545,1546,1557,1556
1434,1546,1547,1558,1557
1435,1547,1548,1559,1558
1436,1548,1549,1560,1559
1437,1549,1550,1561,1560
1438,1550,1551,1562,1561
1439,1551,180,179,1562
1440,1528,1552,1563,1527
1441,1552,1553,1564,1563
1442,1553,1554,1565,1564
1443,1554,1555,1566,1565
1444,1555,1556,1567,1566
1445,1556,1557,1568,1567
1446,1557,1558,1569,1568
1447,1558,1559,1570,1569
1448,1559,1560,1571,1570
1449,1560,1561,1572,1571
1450,1561,1562,1573,1572
1451,1562,179,178,1573
1452,1527,1563,1574,1526
1453,1563,1564,1575,1574
1454,1564,1565,1576,1575
1455,1565,1566,1577,1576
1456,1566,1567,1578,1577
1457,1567,1568,1579,1578
1458,1568,1569,1580,1579
1459,1569,1570,1581,1580
1460,1570,1571,1582,1581
1461,1571,1572,1583,1582
1462,1572,1573,1584,1583
1463,1573,178,177,1584
1464,1526,1574,1585,1525
1465,1574,1575,1586,1585
1466,1575,1576,1587,1586
1467,1576,1577,1588,1587
1468,1577,1578,1589,1588
1469,1578,1579,1590,1589
1470,1579,1580,1591,1590
1471,1580,1581,1592,1591
1472,1581,1582,1593,1592
1473,1582,1583,1594,1593
1474,1583,1584,1595,1594
1475,1584,177,176,1595
1476,1525,1585,1596,1524
1477,1585,1586,1597,1596
1478,1586,1587,1598,1597
1479,1587,1588,1599,1598
1480,1588,1589,1600,1599
1481,1589,1590,1601,1600
1482,1590,1591,1602,1601
1483,1591,1592,1603,1602
1484,1592,1593,1604,1603
1485,1593,1594,1605,1604
1486,1594,1595,1606,1605
1487,1595,176,175,1606
1488,1524,1596,1607,1523
1489,1596,1597,1608,1607
1490,1597,1598,1609,1608
1491,1598,1599,1610,1609
1492,1599,1600,1611,1610
1493,1600,1601,1612,1611
1494,1601,1602,1613,1612
1495,1602,1603,1614,1613
1496,1603,1604,1615,1614
1497,1604,1605,1616,1615
1498,1605,1606,1617,1616
1499,1606,175,174,1617
1500,1523,1607,1618,1522
1501,1607,1608,1619,1618
1502,1608,1609,1620,1619
1503,1609,1610,1621,1620
1504,1610,1611,1622,1621
1505,1611,1612,1623,1622
1506,1612,1613,1624,1623
1507,1613,1614,1625,1624
1508,1614,1615,1626,1625
1509,1615,1616,1627,1626
1510,1616,1617,1628,1627
1511,1617,174,173,1628
1512,1522,1618,1629,1521
1513,1618,1619,1630,1629
1514,1619,1620,1631,1630
1515,1620,1621,1632,1631
1516,1621,1622,1633,1632
1517,1622,1623,1634,1633
1518,1623,1624,1635,1634
1519,1624,1625,1636,1635
1520,1625,1626,1637,1636
1521,1626,1627,1638,1637
1522,1627,1628,1639,1638
1523,1628,173,172,1639
1524,1521,1629,1640,1520
1525,1629,1630,1641,1640
1526,1630,1631,1642,1641
1527,1631,1632,1643,1642
1528,1632,1633,1644,1643
1529,1633,1634,1645,1644
1530,1634,1635,1646,1645
1531,1635,1636,1647,1646
1532,1636,1637,1648,1647
1533,1637,1638,1649,1648
1534,1638,1639,1650,1649
1535,1639,172,171,1650
1536,1520,1640,1651,1519
1537,1640,1641,1652,1651
1538,1641,1642,1653,1652
1539,1642,1643,1654,1653
1540,1643,1644,1655,1654
1541,1644,1645,1656,1655
1542,1645,1646,1657,1656
1543,1646,1647,1658,1657
1544,1647,1648,1659,1658
1545,1648,1649,1660,1659
1546,1649,1650,1661,1660
1547,1650,171,170,1661
1548,1519,1651,1518,1507
1549,1651,1652,1517,1518
1550,1652,1653,1516,1517
1551,1653,1654,1515,1516
1552,1654,1655,1514,1515
1553,1655,1656,1513,1514
1554,1656,1657,1512,1513
1555,1657,1658,1511,1512
1556,1658,1659,1510,1511
1557,1659,1660,1509,1510
1558,1660,1661,1508,1509
1559,1661,170,169,1508
1560,169,168,1662,1508
1561,168,167,1663,1662
1562,167,166,1664,1663
1563,166,165,1665,1664
1564,165,164,1666,1665
1565,164,163,1667,1666
1566,163,162,1668,1667
1567,162,161,1669,1668
1568,161,160,1670,1669
1569,160,159,1671,1670
1570,159,158,1672,1671
1571,158,5,181,1672
1572,1508,1662,1673,1509
1573,1662,1663,1674,1673
1574,1663,1664,1675,1674
1575,1664,1665,1676,1675
1576,1665,1666,1677,1676
1577,1666,1667,1678,1677
1578,1667,1668,1679,1678
1579,1668,1669,1680,1679
1580,1669,1670,1681,1680
1581,1670,1671,1682,1681
1582,1671,1672,1683,1682
1583,1672,181,182,1683
1584,1509,1673,1684,1510
1585,1673,1674,1685,1684
1586,1674,1675,1686,1685
1587,1675,1676,1687,1686
1588,1676,1677,1688,1687
1589,1677,1678,1689,1688
1590,1678,1679,1690,1689
1591,1679,1680,1691,1690
1592,1680,1681,1692,1691
1593,1681,1682,1693,1692
1594,1682,1683,1694,1693
1595,1683,182,183,1694
1596,1510,1684,1695,1511
1597,1684,1685,1696,1695
1598,1685,1686,1697,1696
1599,1686,1687,1698,1697
1600,1687,1688,1699,1698
1601,1688,1689,1700,1699
1602,1689,1690,1701,1700
1603,1690,1691,1702,1701
1604,1691,1692,1703,1702
1605,1692,1693,1704,1703
1606,1693,1694,1705,1704
1607,1694,183,184,1705
1608,1511,1695,1706,1512
1609,1695,1696,1707,1706
1610,1696,1697,1708,1707
1611,1697,1698,1709,1708
1612,1698,1699,1710,1709
1613,1699,1700,1711,1710
1614,1700,1701,1712,1711
1615,1701,1702,1713,1712
1616,1702,1703,1714,1713
1617,1703,1704,1715,1714
1618,1704,1705,1716,1715
1619,1705,184,185,1716
1620,1512,1706,1717,1513
1621,1706,1707,1718,1717
1622,1707,1708,1719,1718
1623,1708,1709,1720,1719
1624,1709,1710,1721,1720
1625,1710,1711,1722,1721
1626,1711,1712,1723,1722
1627,1712,1713,1724,1723
1628,1713,1714,1725,1724
1629,1714,1715,1726,1725
1630,1715,1716,1727,1726
1631,1716,185,186,1727
1632,1513,1717,1728,1514
1633,1717,1718,1729,1728
1634,1718,1719,1730,1729
1635,1719,1720,1731,1730
1636,1720,1721,1732,1731
1637,1721,1722,1733,1732
1638,1722,1723,1734,1733
1639,1723,1724,1735,1734
1640,1724,1725,1736,1735
1641,1725,1726,1737,1736
1642,1726,1727,1738,1737
1643,1727,186,187,1738
1644,1514,1728,1739,1515
1645,1728,1729,1740,1739
1646,1729,1730,1741,1740
1647,1730,1731,1742,1741
1648,1731,1732,1743,1742
1649,1732,1733,1744,1743
1650,1733,1734,1745,1744
1651,1734,1735,1746,1745
1652,1735,1736,1747,1746
1653,1736,1737,1748,1747
1654,1737,1738,1749,1748
1655,1738,187,188,1749
1656,1515,1739,1750,1516
1657,1739,1740,1751,1750
1658,1740,1741,1752,1751
1659,1741,1742,1753,1752
1660,1742,1743,1754,1753
1661,1743,1744,1755,1754
1662,1744,1745,1756,1755
1663,1745,1746,1757,1756
1664,1746,1747,1758,1757
1665,1747,1748,1759,1758
1666,1748,1749,1760,1759
1667,1749,188,189,1760
1668,1516,1750,1761,1517
1669,1750,1751,1762,1761
1670,1751,1752,1763,1762
1671,1752,1753,1764,1763
1672,1753,1754,1765,1764
1673,1754,1755,1766,1765
1674,1755,1756,1767,1766
1675,1756,1757,1768,1767
1676,1757,1758,1769,1768
1677,1758,1759,1770,1769
1678,1759,1760,1771,1770
1679,1760,189,190,1771
1680,1517,1761,1772,1518
1681,1761,1762,1773,1772
1682,1762,1763,1774,1773
1683,1763,1764,1775,1774
1684,1764,1765,1776,1775
1685,1765,1766,1777,1776
1686,1766,1767,1778,1777
1687,1767,1768,1779,1778
1688,1768,1769,1780,1779
1689,1769,1770,1781,1780
1690,1770,1771,1782,1781
1691,1771,190,191,1782
1692,1518,1772,1540,1507
1693,1772,1773,1539,1540
1694,1773,1774,1538,1539
1695,1774,1775,1537,1538
1696,1775,1776,1536,1537
1697,1776,1777,1535,1536
1698,1777,1778,1534,1535
1699,1778,1779,1533,1534
1700,1779,1780,1532,1533
1701,1780,1781,1531,1532
1702,1781,1782,1530,1531
1703,1782,191,192,1530
1704,192,193,1783,1530
1705,193,194,1784,1783
1706,194,195,1785,1784
1707,195,196,1786,1785
1708,196,197,1787,1786
1709,197,198,1788,1787
1710,198,199,1789,1788
1711,199,200,1790,1789
1712,200,201,1791,1790
1713,201,202,1792,1791
1714,202,203,1793,1792
1715,203,4,120,1793
1716,1530,1783,1794,1531
1717,1783,1784,1795,1794
1718,1784,1785,1796,1795
1719,1785,1786,1797,1796
1720,1786,1787,1798,1797
1721,1787,1788,1799,1798
1722,1788,1789,1800,1799
1723,1789,1790,1801,1800
1724,1790,1791,1802,1801
1725,1791,1792,1803,1802
1726,1792,1793,1804,1803
1727,1793,120,119,1804
1728,1531,1794,1805,1532
1729,1794,1795,1806,1805
1730,1795,1796,1807,1806
1731,1796,1797,1808,1807
1732,1797,1798,1809,1808
1733,1798,1799,1810,1809
1734,1799,1800,1811,1810
1735,1800,1801,1812,1811
1736,1801,1802,1813,1812
1737,1802,1803,1814,1813
1738,1803,1804,1815,1814
1739,1804,119,118,1815
1740,1532,1805,1816,1533
1741,1805,1806,1817,1816
1742,1806,1807,1818,1817
1743,1807,1808,1819,1818
1744,1808,1809,1820,1819
1745,1809,1810,1821,1820
1746,1810,1811,1822,1821
1747,1811,1812,1823,1822
1748,1812,1813,1824,1823
1749,1813,1814,1825,1824
1750,1814,1815,1826,1825
1751,1815,118,117,1826
1752,1533,1816,1827,1534
1753,1816,1817,1828,1827
1754,1817,1818,1829,1828
1755,1818,1819,1830,1829
1756,1819,1820,1831,1830
1757,1820,1821,1832,1831
1758,1821,1822,1833,1832
1759,1822,1823,1834,1833
1760,1823,1824,1835,1834
1761,1824,1825,1836,1835
1762,1825,1826,1837,1836
1763,1826,117,116,1837
1764,1534,1827,1838,1535
1765,1827,1828,1839,1838
1766,1828,1829,1840,1839
1767,1829,1830,1841,1840
1768,1830,1831,1842,1841
1769,1831,1832,1843,1842
1770,1832,1833,1844,1843
1771,1833,1834,1845,1844
1772,1834,1835,1846,1845
1773,1835,1836,1847,1846
1774,1836,1837,1848,1847
1775,1837,116,115,1848
1776,1535,1838,1849,1536
1777,1838,1839,1850,1849
1778,1839,1840,1851,1850
1779,1840,1841,1852,1851
1780,1841,1842,1853,1852
1781,1842,1843,1854,1853
1782,1843,1844,1855,1854
1783,1844,1845,1856,1855
1784,1845,1846,1857,1856
1785,1846,1847,1858,1857
1786,1847,1848,1859,1858
1787,1848,115,114,1859
1788,1536,1849,1860,1537
1789,1849,1850,1861,1860
1790,1850,1851,1862,1861
1791,1851,1852,1863,1862
1792,1852,1853,1864,1863
1793,1853,1854,1865,1864
1794,1854,1855,1866,1865
1795,1855,1856,1867,1866
1796,1856,1857,1868,1867
1797,1857,1858,1869,1868
1798,1858,1859,1870,1869
1799,1859,114,113,1870
1800,1537,1860,1871,1538
1801,1860,1861,1872,1871
1802,1861,1862,1873,1872
1803,1862,1863,1874,1873
1804,1863,1864,1875,1874
1805,1864,1865,1876,1875
1806,1865,1866,1877,1876
1807,1866,1867,1878,1877
1808,1867,1868,1879,1878
1809,1868,1869,1880,1879
1810,1869,1870,1881,1880
1811,1870,113,112,1881
1812,1538,1871,1882,1539
1813,1871,1872,1883,1882
1814,1872,1873,1884,1883
1815,1873,1874,1885,1884
1816,1874,1875,1886,1885
1817,1875,1876,1887,1886
1818,1876,1877,1888,1887
1819,1877,1878,1889,1888
1820,1878,1879,1890,1889
1821,1879,1880,1891,1890
1822,1880,1881,1892,1891
1823,1881,112,111,1892
1824,1539,1882,1893,1540
1825,1882,1883,1894,1893
1826,1883,1884,1895,1894
1827,1884,1885,1896,1895
1828,1885,1886,1897,1896
1829,1886,1887,1898,1897
1830,1887,1888,1899,1898
1831,1888,1889,1900,1899
1832,1889,1890,1901,1900
1833,1890,1891,1902,1901
1834,1891,1892,1903,1902
1835,1892,111,110,1903
1836,1540,1893,1519,1507
1837,1893,1894,1520,1519
1838,1894,1895,1521,1520
1839,1895,1896,1522,1521
1840,1896,1897,1523,1522
1841,1897,1898,1524,1523
1842,1898,1899,1525,1524
1843,1899,1900,1526,1525
1844,1900,1901,1527,1526
1845,1901,1902,1528,1527
1846,1902,1903,1529,1528
1847,1903,110,109,1529
1848,2129,2141,1921,1920
1849,2141,2142,1922,1921
1850,2142,2143,1923,1922
1851,2143,2144,1924,1923
1852,2144,2145,1925,1924
1853,2145,2146,1926,1925
1854,2146,2147,1927,1926
1855,2147,2148,1928,1927
1856,2148,2149,1929,1928
1857,2149,2150,1930,1929
1858,2150,2151,1931,1930
1859,2151,1932,1904,1931
1860,2128,2152,2141,2129
1861,2152,2153,2142,2141
1862,2153,2154,2143,2142
1863,2154,2155,2144,2143
1864,2155,2156,2145,2144
1865,2156,2157,2146,2145
1866,2157,2158,2147,2146
1867,2158,2159,2148,2147
1868,2159,2160,2149,2148
1869,2160,2161,2150,2149
1870,2161,2162,2151,2150
1871,2162,1933,1932,2151
1872,2127,2163,2152,2128
1873,2163,2164,2153,2152
1874,2164,2165,2154,2153
1875,2165,2166,2155,2154
1876,2166,2167,2156,2155
1877,2167,2168,2157,2156
1878,2168,2169,2158,2157
1879,2169,2170,2159,2158
1880,2170,2171,2160,2159
1881,2171,2172,2161,2160
1882,2172,2173,2162,2161
1883,2173,1934,1933,2162
1884,2126,2174,2163,2127
1885,2174,2175,2164,2163
1886,2175,2176,2165,2164
1887,2176,2177,2166,2165
1888,2177,2178,2167,2166
1889,2178,2179,2168,2167
1890,2179,2180,2169,2168
1891,2180,2181,2170,2169
1892,2181,2182,2171,2170
1893,2182,2183,2172,2171
1894,2183,2184,2173,2172
1895,2184,1935,1934,2173
1896,2125,2185,2174,2126
1897,2185,2186,2175,2174
1898,2186,2187,2176,2175
1899,2187,2188,2177,2176
1900,2188,2189,2178,2177
1901,2189,2190,2179,2178
1902,2190,2191,2180,2179
1903,2191,2192,2181,2180
1904,2192,2193,2182,2181
1905,2193,2194,2183,2182
1906,2194,2195,2184,2183
1907,2195,1936,1935,2184
1908,2124,2196,2185,2125
1909,2196,2197,2186,2185
1910,2197,2198,2187,2186
1911,2198,2199,2188,2187
1912,2199,2200,2189,2188
1913,2200,2201,2190,2189
1914,2201,2202,2191,2190
1915,2202,2203,2192,2191
1916,2203,2204,2193,2192
1917,2204,2205,2194,2193
1918,2205,2206,2195,2194
1919,2206,1937,1936,2195
1920,2123,2207,2196,2124
1921,2207,2208,2197,2196
1922,2208,2209,2198,2197
1923,2209,2210,2199,2198
1924,2210,2211,2200,2199
1925,2211,2212,2201,2200
1926,2212,2213,2202,2201
1927,2213,2214,2203,2202
1928,2214,2215,2204,2203
1929,2215,2216,2205,2204
1930,2216,2217,2206,2205
1931,2217,1938,1937,2206
1932,2122,2218,2207,2123
1933,2218,2219,2208,2207
1934,2219,2220,2209,2208
1935,2220,2221,2210,2209
1936,2221,2222,2211,2210
1937,2222,2223,2212,2211
1938,2223,2224,2213,2212
1939,2224,2225,2214,2213
1940,2225,2226,2215,2214
1941,2226,2227,2216,2215
1942,2227,2228,2217,2216
1943,2228,1939,1938,2217
1944,2121,2229,2218,2122
1945,2229,2230,2219,2218
1946,2230,2231,2220,2219
1947,2231,2232,2221,2220
1948,2232,2233,2222,2221
1949,2233,2234,2223,2222
1950,2234,2235,2224,2223
1951,2235,2236,2225,2224
1952,2236,2237,2226,2225
1953,2237,2238,2227,2226
1954,2238,2239,2228,2227
1955,2239,1940,1939,2228
1956,2120,2240,2229,2121
1957,2240,2241,2230,2229
1958,2241,2242,2231,2230
1959,2242,2243,2232,2231
1960,2243,2244,2233,2232
1961,2244,2245,2234,2233
1962,2245,2246,2235,2234
1963,2246,2247,2236,2235
1964,2247,2248,2237,2236
1965,2248,2249,2238,2237
1966,2249,2250,2239,2238
1967,2250,1941,1940,2239
1968,2119,2251,2240,2120
1969,2251,2252,2241,2240
1970,2252,2253,2242,2241
1971,2253,2254,2243,2242
1972,2254,2255,2244,2243
1973,2255,2256,2245,2244
1974,2256,2257,2246,2245
1975,2257,2258,2247,2246
1976,2258,2259,2248,2247
1977,2259,2260,2249,2248
1978,2260,2261,2250,2249
1979,2261,1942,1941,2250
1980,2107,2118,2251,2119
1981,2118,2117,2252,2251
1982,2117,2116,2253,2252
1983,2116,2115,2254,2253
1984,2115,2114,2255,2254
1985,2114,2113,2256,2255
1986,2113,2112,2257,2256
1987,2112,2111,2258,2257
1988,2111,2110,2259,2258
1989,2110,2109,2260,2259
1990,2109,2108,2261,2260
1991,2108,1943,1942,2261
1992,2108,2262,1944,1943
1993,2262,2263,1945,1944
1994,2263,2264,1946,1945
1995,2264,2265,1947,1946
1996,2265,2266,1948,1947
1997,2266,2267,1949,1948
1998,2267,2268,1950,1949
1999,2268,2269,1951,1950
2000,2269,2270,1952,1951
2001,2270,2271,1953,1952
2002,2271,2272,1954,1953
2003,2272,1955,1905,1954
2004,2109,2273,2262,2108
2005,2273,2274,2263,2262
2006,2274,2275,2264,2263
2007,2275,2276,2265,2264
2008,2276,2277,2266,2265
2009,2277,2278,2267,2266
2010,2278,2279,2268,2267
2011,2279,2280,2269,2268
2012,2280,2281,2270,2269
2013,2281,2282,2271,2270
2014,2282,2283,2272,2271
2015,2283,1956,1955,2272
2016,2110,2284,2273,2109
2017,2284,2285,2274,2273
2018,2285,2286,2275,2274
2019,2286,2287,2276,2275
2020,2287,2288,2277,2276
2021,2288,2289,2278,2277
2022,2289,2290,2279,2278
2023,2290,2291,2280,2279
2024,2291,2292,2281,2280
2025,2292,2293,2282,2281
2026,2293,2294,2283,2282
2027,2294,1957,1956,2283
2028,2111,2295,2284,2110
2029,2295,2296,2285,2284
2030,2296,2297,2286,2285
2031,2297,2298,2287,2286
2032,2298,2299,2288,2287
2033,2299,2300,2289,2288
2034,2300,2301,2290,2289
2035,2301,2302,2291,2290
2036,2302,2303,2292,2291
2037,2303,2304,2293,2292
2038,2304,2305,2294,2293
2039,2305,1958,1957,2294
2040,2112,2306,2295,2111
2041,2306,2307,2296,2295
2042,2307,2308,2297,2296
2043,2308,2309,2298,2297
2044,2309,2310,2299,2298
2045,2310,2311,2300,2299
2046,2311,2312,2301,2300
2047,2312,2313,2302,2301
2048,2313,2314,2303,2302
2049,2314,2315,2304,2303
2050,2315,2316,2305,2304
2051,2316,1959,1958,2305
2052,2113,2317,2306,2112
2053,2317,2318,2307,2306
2054,2318,2319,2308,2307
2055,2319,2320,2309,2308
2056,2320,2321,2310,2309
2057,2321,2322,2311,2310
2058,2322,2323,2312,2311
2059,2323,2324,2313,2312
2060,2324,2325,2314,2313
2061,2325,2326,2315,2314
2062,2326,2327,2316,2315
2063,2327,1960,1959,2316
2064,2114,2328,2317,2113
2065,2328,2329,2318,2317
2066,2329,2330,2319,2318
2067,2330,2331,2320,2319
2068,2331,2332,2321,2320
2069,2332,2333,2322,2321
2070,2333,2334,2323,2322
2071,2334,2335,2324,2323
2072,2335,2336,2325,2324
2073,2336,2337,2326,2325
2074,2337,2338,2327,2326
2075,2338,1961,1960,2327
2076,2115,2339,2328,2114
2077,2339,2340,2329,2328
2078,2340,2341,2330,2329
2079,2341,2342,2331,2330
2080,2342,2343,2332,2331
2081,2343,2344,2333,2332
2082,2344,2345,2334,2333
2083,2345,2346,2335,2334
2084,2346,2347,2336,2335
2085,2347,2348,2337,2336
2086,2348,2349,2338,2337
2087,2349,1962,1961,2338
2088,2116,2350,2339,2115
2089,2350,2351,2340,2339
2090,2351,2352,2341,2340
2091,2352,2353,2342,2341
2092,2353,2354,2343,2342
2093,2354,2355,2344,2343
2094,2355,2356,2345,2344
2095,2356,2357,2346,2345
2096,2357,2358,2347,2346
2097,2358,2359,2348,2347
2098,2359,2360,2349,2348
2099,2360,1963,1962,2349
2100,2117,2361,2350,2116
2101,2361,2362,2351,2350
2102,2362,2363,2352,2351
2103,2363,2364,2353,2352
2104,2364,2365,2354,2353
2105,2365,2366,2355,2354
2106,2366,2367,2356,2355
2107,2367,2368,2357,2356
2108,2368,2369,2358,2357
2109,2369,2370,2359,2358
2110,2370,2371,2360,2359
2111,2371,1964,1963,2360
2112,2118,2372,2361,2117
2113,2372,2373,2362,2361
2114,2373,2374,2363,2362
2115,2374,2375,2364,2363
2116,2375,2376,2365,2364
2117,2376,2377,2366,2365
2118,2377,2378,2367,2366
2119,2378,2379,2368,2367
2120,2379,2380,2369,2368
2121,2380,2381,2370,2369
2122,2381,2382,2371,2370
2123,2382,1965,1964,2371
2124,2107,2140,2372,2118
2125,2140,2139,2373,2372
2126,2139,2138,2374,2373
2127,2138,2137,2375,2374
2128,2137,2136,2376,2375
2129,2136,2135,2377,2376
2130,2135,2134,2378,2377
2131,2134,2133,2379,2378
2132,2133,2132,2380,2379
2133,2132,2131,2381,2380
2134,2131,2130,2382,2381
2135,2130,1966,1965,2382
2136,2130,2383,1967,1966
2137,2383,2384,1968,1967
2138,2384,2385,1969,1968
2139,2385,2386,1970,1969
2140,2386,2387,1971,1970
2141,2387,2388,1972,1971
2142,2388,2389,1973,1972
2143,2389,2390,1974,1973
2144,2390,2391,1975,1974
2145,2391,2392,1976,1975
2146,2392,2393,1977,1976
2147,2393,1909,1906,1977
2148,2131,2394,2383,2130
2149,2394,2395,2384,2383
2150,2395,2396,2385,2384
2151,2396,2397,2386,2385
2152,2397,2398,2387,2386
2153,2398,2399,2388,2387
2154,2399,2400,2389,2388
2155,2400,2401,2390,2389
2156,2401,2402,2391,2390
2157,2402,2403,2392,2391
2158,2403,2404,2393,2392
2159,2404,1910,1909,2393
2160,2132,2405,2394,2131
2161,2405,2406,2395,2394
2162,2406,2407,2396,2395
2163,2407,2408,2397,2396
2164,2408,2409,2398,2397
2165,2409,2410,2399,2398
2166,2410,2411,2400,2399
2167,2411,2412,2401,2400
2168,2412,2413,2402,2401
2169,2413,2414,2403,2402
2170,2414,2415,2404,2403
2171,2415,1911,1910,2404
2172,2133,2416,2405,2132
2173,2416,2417,2406,2405
2174,2417,2418,2407,2406
2175,2418,2419,2408,2407
2176,2419,2420,2409,2408
2177,2420,2421,2410,2409
2178,2421,2422,2411,2410
2179,2422,2423,2412,2411
2180,2423,2424,2413,2412
2181,2424,2425,2414,2413
2182,2425,2426,2415,2414
2183,2426,1912,1911,2415
2184,2134,2427,2416,2133
2185,2427,2428,2417,2416
2186,2428,2429,2418,2417
2187,2429,2430,2419,2418
2188,2430,2431,2420,2419
2189,2431,2432,2421,2420
2190,2432,2433,2422,2421
2191,2433,2434,2423,2422
2192,2434,2435,2424,2423
2193,2435,2436,2425,2424
2194,2436,2437,2426,2425
2195,2437,1913,1912,2426
2196,2135,2438,2427,2134
2197,2438,2439,2428,2427
2198,2439,2440,2429,2428
2199,2440,2441,2430,2429
2200,2441,2442,2431,2430
2201,2442,2443,2432,2431
2202,2443,2444,2433,2432
2203,2444,2445,2434,2433
2204,2445,2446,2435,2434
2205,2446,2447,2436,2435
2206,2447,2448,2437,2436
2207,2448,1914,1913,2437
2208,2136,2449,2438,2135
2209,2449,2450,2439,2438
2210,2450,2451,2440,2439
2211,2451,2452,2441,2440
2212,2452,2453,2442,2441
2213,2453,2454,2443,2442
2214,2454,2455,2444,2443
2215,2455,2456,2445,2444
2216,2456,2457,2446,2445
2217,2457,2458,2447,2446
2218,2458,2459,2448,2447
2219,2459,1915,1914,2448
2220,2137,2460,2449,2136
2221,2460,2461,2450,2449
2222,2461,2462,2451,2450
2223,2462,2463,2452,2451
2224,2463,2464,2453,2452
2225,2464,2465,2454,2453
2226,2465,2466,2455,2454
2227,2466,2467,2456,2455
2228,2467,2468,2457,2456
2229,2468,2469,2458,2457
2230,2469,2470,2459,2458
2231,2470,1916,1915,2459
2232,2138,2471,2460,2137
2233,2471,2472,2461,2460
2234,2472,2473,2462,2461
2235,2473,2474,2463,2462
2236,2474,2475,2464,2463
2237,2475,2476,2465,2464
2238,2476,2477,2466,2465
2239,2477,2478,2467,2466
2240,2478,2479,2468,2467
2241,2479,2480,2469,2468
2242,2480,2481,2470,2469
2243,2481,1917,1916,2470
2244,2139,2482,2471,2138
2245,2482,2483,2472,2471
2246,2483,2484,2473,2472
2247,2484,2485,2474,2473
2248,2485,2486,2475,2474
2249,2486,2487,2476,2475
2250,2487,2488,2477,2476
2251,2488,2489,2478,2477
2252,2489,2490,2479,2478
2253,2490,2491,2480,2479
2254,2491,2492,2481,2480
2255,2492,1918,1917,2481
2256,2140,2493,2482,2139
2257,2493,2494,2483,2482
2258,2494,2495,2484,2483
2259,2495,2496,2485,2484
2260,2496,2497,2486,2485
2261,2497,2498,2487,2486
2262,2498,2499,2488,2487
2263,2499,2500,2489,2488
2264,2500,2501,2490,2489
2265,2501,2502,2491,2490
2266,2502,2503,2492,2491
2267,2503,1919,1918,2492
2268,2107,2119,2493,2140
2269,2119,2120,2494,2493
2270,2120,2121,2495,2494
2271,2121,2122,2496,2495
2272,2122,2123,2497,2496
2273,2123,2124,2498,2497
2274,2124,2125,2499,2498
2275,2125,2126,2500,2499
2276,2126,2127,2501,2500
2277,2127,2128,2502,2501
2278,2128,2129,2503,2502
2279,2129,1920,1919,2503
2280,2526,2538,1990,1989
2281,2538,2539,1991,1990
2282,2539,2540,1992,1991
2283,2540,2541,1993,1992
2284,2541,2542,1994,1993
2285,2542,2543,1995,1994
2286,2543,2544,1996,1995
2287,2544,2545,1997,1996
2288,2545,2546,1998,1997
2289,2546,2547,1999,1998
2290,2547,2548,2000,1999
2291,2548,1954,1905,2000
2292,2525,2549,2538,2526
2293,2549,2550,2539,2538
2294,2550,2551,2540,2539
2295,2551,2552,2541,2540
2296,2552,2553,2542,2541
2297,2553,2554,2543,2542
2298,2554,2555,2544,2543
2299,2555,2556,2545,2544
2300,2556,2557,2546,2545
2301,2557,2558,2547,2546
2302,2558,2559,2548,2547
2303,2559,1953,1954,2548
2304,2524,2560,2549,2525
2305,2560,2561,2550,2549
2306,2561,2562,2551,2550
2307,2562,2563,2552,2551
2308,2563,2564,2553,2552
2309,2564,2565,2554,2553
2310,2565,2566,2555,2554
2311,2566,2567,2556,2555
2312,2567,2568,2557,2556
2313,2568,2569,2558,2557
2314,2569,2570,2559,2558
2315,2570,1952,1953,2559
2316,2523,2571,2560,2524
2317,2571,2572,2561,2560
2318,2572,2573,2562,2561
2319,2573,2574,2563,2562
2320,2574,2575,2564,2563
2321,2575,2576,2565,2564
2322,2576,2577,2566,2565
2323,2577,2578,2567,2566
2324,2578,2579,2568,2567
2325,2579,2580,2569,2568
2326,2580,2581,2570,2569
2327,2581,1951,1952,2570
2328,2522,2582,2571,2523
2329,2582,2583,2572,2571
2330,2583,2584,2573,2572
2331,2584,2585,2574,2573
2332,2585,2586,2575,2574
2333,2586,2587,2576,2575
2334,2587,2588,2577,2576
2335,2588,2589,2578,2577
2336,2589,2590,2579,2578
2337,2590,2591,2580,2579
2338,2591,2592,2581,2580
2339,2592,1950,1951,2581
2340,2521,2593,2582,2522
2341,2593,2594,2583,2582
2342,2594,2595,2584,2583
2343,2595,2596,2585,2584
2344,2596,2597,2586,2585
2345,2597,2598,2587,2586
2346,2598,2599,2588,2587
2347,2599,2600,2589,2588
2348,2600,2601,2590,2589
2349,2601,2602,2591,2590
2350,2602,2603,2592,2591
2351,2603,1949,1950,2592
2352,2520,2604,2593,2521
2353,2604,2605,2594,2593
2354,2605,2606,2595,2594
2355,2606,2607,2596,2595
2356,2607,2608,2597,2596
2357,2608,2609,2598,2597
2358,2609,2610,2599,2598
2359,2610,2611,2600,2599
2360,2611,2612,2601,2600
2361,2612,2613,2602,2601
2362,2613,2614,2603,2602
2363,2614,1948,1949,2603
2364,2519,2615,2604,2520
2365,2615,2616,2605,2604
2366,2616,2617,2606,2605
2367,2617,2618,2607,2606
2368,2618,2619,2608,2607
2369,2619,2620,2609,2608
2370,2620,2621,2610,2609
2371,2621,2622,2611,2610
2372,2622,2623,2612,2611
2373,2623,2624,2613,2612
2374,2624,2625,2614,2613
2375,2625,1947,1948,2614
2376,2518,2626,2615,2519
2377,2626,2627,2616,2615
2378,2627,2628,2617,2616
2379,2628,2629,2618,2617
2380,2629,2630,2619,2618
2381,2630,2631,2620,2619
2382,2631,2632,2621,2620
2383,2632,2633,2622,2621
2384,2633,2634,2623,2622
2385,2634,2635,2624,2623
2386,2635,2636,2625,2624
2387,2636,1946,1947,2625
2388,2517,2637,2626,2518
2389,2637,2638,2627,2626
2390,2638,2639,2628,2627
2391,2639,2640,2629,2628
2392,2640,2641,2630,2629
2393,2641,2642,2631,2630
2394,2642,2643,2632,2631
2395,2643,2644,2633,2632
2396,2644,2645,2634,2633
2397,2645,2646,2635,2634
2398,2646,2647,2636,2635
2399,2647,1945,1946,2636
2400,2516,2648,2637,2517
2401,2648,2649,2638,2637
2402,2649,2650,2639,2638
2403,2650,2651,2640,2639
2404,2651,2652,2641,2640
2405,2652,2653,2642,2641
2406,2653,2654,2643,2642
2407,2654,2655,2644,2643
2408,2655,2656,2645,2644
2409,2656,2657,2646,2645
2410,2657,2658,2647,2646
2411,2658,1944,1945,2647
2412,2504,2515,2648,2516
2413,2515,2514,2649,2648
2414,2514,2513,2650,2649
2415,2513,2512,2651,2650
2416,2512,2511,2652,2651
2417,2511,2510,2653,2652
2418,2510,2509,2654,2653
2419,2509,2508,2655,2654
2420,2508,2507,2656,2655
2421,2507,2506,2657,2656
2422,2506,2505,2658,2657
2423,2505,1943,1944,2658
2424,2505,2659,1942,1943
2425,2659,2660,1941,1942
2426,2660,2661,1940,1941
2427,2661,2662,1939,1940
2428,2662,2663,1938,1939
2429,2663,2664,1937,1938
2430,2664,2665,1936,1937
2431,2665,2666,1935,1936
2432,2666,2667,1934,1935
2433,2667,2668,1933,1934
2434,2668,2669,1932,1933
2435,2669,2001,1904,1932
2436,2506,2670,2659,2505
2437,2670,2671,2660,2659
2438,2671,2672,2661,2660
2439,2672,2673,2662,2661
2440,2673,2674,2663,2662
2441,2674,2675,2664,2663
2442,2675,2676,2665,2664
2443,2676,2677,2666,2665
2444,2677,2678,2667,2666
2445,2678,2679,2668,2667
2446,2679,2680,2669,2668
2447,2680,2002,2001,2669
2448,2507,2681,2670,2506
2449,2681,2682,2671,2670
2450,2682,2683,2672,2671
2451,2683,2684,2673,2672
2452,2684,2685,2674,2673
2453,2685,2686,2675,2674
2454,2686,2687,2676,2675
2455,2687,2688,2677,2676
2456,2688,2689,2678,2677
2457,2689,2690,2679,2678
2458,2690,2691,2680,2679
2459,2691,2003,2002,2680
2460,2508,2692,2681,2507
2461,2692,2693,2682,2681
2462,2693,2694,2683,2682
2463,2694,2695,2684,2683
2464,2695,2696,2685,2684
2465,2696,2697,2686,2685
2466,2697,2698,2687,2686
2467,2698,2699,2688,2687
2468,2699,2700,2689,2688
2469,2700,2701,2690,2689
2470,2701,2702,2691,2690
2471,2702,2004,2003,2691
2472,2509,2703,2692,2508
2473,2703,2704,2693,2692
2474,2704,2705,2694,2693
2475,2705,2706,2695,2694
2476,2706,2707,2696,2695
2477,2707,2708,2697,2696
2478,2708,2709,2698,2697
2479,2709,2710,2699,2698
2480,2710,2711,2700,2699
2481,2711,2712,2701,2700
2482,2712,2713,2702,2701
2483,2713,2005,2004,2702
2484,2510,2714,2703,2509
2485,2714,2715,2704,2703
2486,2715,2716,2705,2704
2487,2716,2717,2706,2705
2488,2717,2718,2707,2706
2489,2718,2719,2708,2707
2490,2719,2720,2709,2708
2491,2720,2721,2710,2709
2492,2721,2722,2711,2710
2493,2722,2723,2712,2711
2494,2723,2724,2713,2712
2495,2724,2006,2005,2713
2496,2511,2725,2714,2510
2497,2725,2726,2715,2714
2498,2726,2727,2716,2715
2499,2727,2728,2717,2716
2500,2728,2729,2718,2717
2501,2729,2730,2719,2718
2502,2730,2731,2720,2719
2503,2731,2732,2721,2720
2504,2732,2733,2722,2721
2505,2733,2734,2723,2722
2506,2734,2735,2724,2723
2507,2735,2007,2006,2724
2508,2512,2736,2725,2511
2509,2736,2737,2726,2725
2510,2737,2738,2727,2726
2511,2738,2739,2728,2727
2512,2739,2740,2729,2728
2513,2740,2741,2730,2729
2514,2741,2742,2731,2730
2515,2742,2743,2732,2731
2516,2743,2744,2733,2732
2517,2744,2745,2734,2733
2518,2745,2746,2735,2734
2519,2746,2008,2007,2735
2520,2513,2747,2736,2512
2521,2747,2748,2737,2736
2522,2748,2749,2738,2737
2523,2749,2750,2739,2738
2524,2750,2751,2740,2739
2525,2751,2752,2741,2740
2526,2752,2753,2742,2741
2527,2753,2754,2743,2742
2528,2754,2755,2744,2743
2529,2755,2756,2745,2744
2530,2756,2757,2746,2745
2531,2757,2009,2008,2746
2532,2514,2758,2747,2513
2533,2758,2759,2748,2747
2534,2759,2760,2749,2748
2535,2760,2761,2750,2749
2536,2761,2762,2751,2750
2537,2762,2763,2752,2751
2538,2763,2764,2753,2752
2539,2764,2765,2754,2753
2540,2765,2766,2755,2754
2541,2766,2767,2756,2755
2542,2767,2768,2757,2756
2543,2768,2010,2009,2757
2544,2515,2769,2758,2514
2545,2769,2770,2759,2758
2546,2770,2771,2760,2759
2547,2771,2772,2761,2760
2548,2772,2773,2762,2761
2549,2773,2774,2763,2762
2550,2774,2775,2764,2763
2551,2775,2776,2765,2764
2552,2776,2777,2766,2765
2553,2777,2778,2767,2766
2554,2778,2779,2768,2767
2555,2779,2011,2010,2768
2556,2504,2537,2769,2515
2557,2537,2536,2770,2769
2558,2536,2535,2771,2770
2559,2535,2534,2772,2771
2560,2534,2533,2773,2772
2561,2533,2532,2774,2773
2562,2532,2531,2775,2774
2563,2531,2530,2776,2775
2564,2530,2529,2777,2776
2565,2529,2528,2778,2777
2566,2528,2527,2779,2778
2567,2527,2012,2011,2779
2568,2527,2780,2013,2012
2569,2780,2781,2014,2013
2570,2781,2782,2015,2014
2571,2782,2783,2016,2015
2572,2783,2784,2017,2016
2573,2784,2785,2018,2017
2574,2785,2786,2019,2018
2575,2786,2787,2020,2019
2576,2787,2788,2021,2020
2577,2788,2789,2022,2021
2578,2789,2790,2023,2022
2579,2790,1978,1907,2023
2580,2528,2791,2780,2527
2581,2791,2792,2781,2780
2582,2792,2793,2782,2781
2583,2793,2794,2783,2782
2584,2794,2795,2784,2783
2585,2795,2796,2785,2784
2586,2796,2797,2786,2785
2587,2797,2798,2787,2786
2588,2798,2799,2788,2787
2589,2799,2800,2789,2788
2590,2800,2801,2790,2789
2591,2801,1979,1978,2790
2592,2529,2802,2791,2528
2593,2802,2803,2792,2791
2594,2803,2804,2793,2792
2595,2804,2805,2794,2793
2596,2805,2806,2795,2794
2597,2806,2807,2796,2795
2598,2807,2808,2797,2796
2599,2808,2809,2798,2797
2600,2809,2810,2799,2798
2601,2810,2811,2800,2799
2602,2811,2812,2801,2800
2603,2812,1980,1979,2801
2604,2530,2813,2802,2529
2605,2813,2814,2803,2802
2606,2814,2815,2804,2803
2607,2815,2816,2805,2804
2608,2816,2817,2806,2805
2609,2817,2818,2807,2806
2610,2818,2819,2808,2807
2611,2819,2820,2809,2808
2612,2820,2821,2810,2809
2613,2821,2822,2811,2810
2614,2822,2823,2812,2811
2615,2823,1981,1980,2812
2616,2531,2824,2813,2530
2617,2824,2825,2814,2813
2618,2825,2826,2815,2814
2619,2826,2827,2816,2815
2620,2827,2828,2817,2816
2621,2828,2829,2818,2817
2622,2829,2830,2819,2818
2623,2830,2831,2820,2819
2624,2831,2832,2821,2820
2625,2832,2833,2822,2821
2626,2833,2834,2823,2822
2627,2834,1982,1981,2823
2628,2532,2835,2824,2531
2629,2835,2836,2825,2824
2630,2836,2837,2826,2825
2631,2837,2838,2827,2826
2632,2838,2839,2828,2827
2633,2839,2840,2829,2828
2634,2840,2841,2830,2829
2635,2841,2842,2831,2830
2636,2842,2843,2832,2831
2637,2843,2844,2833,2832
2638,2844,2845,2834,2833
2639,2845,1983,1982,2834
2640,2533,2846,2835,2532
2641,2846,2847,2836,2835
2642,2847,2848,2837,2836
2643,2848,2849,2838,2837
2644,2849,2850,2839,2838
2645,2850,2851,2840,2839
2646,2851,2852,2841,2840
2647,2852,2853,2842,2841
2648,2853,2854,2843,2842
2649,2854,2855,2844,2843
2650,2855,2856,2845,2844
2651,2856,1984,1983,2845
2652,2534,2857,2846,2533
2653,2857,2858,2847,2846
2654,2858,2859,2848,2847
2655,2859,2860,2849,2848
2656,2860,2861,2850,2849
2657,2861,2862,2851,2850
2658,2862,2863,2852,2851
2659,2863,2864,2853,2852
2660,2864,2865,2854,2853
2661,2865,2866,2855,2854
2662,2866,2867,2856,2855
2663,2867,1985,1984,2856
2664,2535,2868,2857,2534
2665,2868,2869,2858,2857
2666,2869,2870,2859,2858
2667,2870,2871,2860,2859
2668,2871,2872,2861,2860
2669,2872,2873,2862,2861
2670,2873,2874,2863,2862
2671,2874,2875,2864,2863
2672,2875,2876,2865,2864
2673,2876,2877,2866,2865
2674,2877,2878,2867,2866
2675,2878,1986,1985,2867
2676,2536,2879,2868,2535
2677,2879,2880,2869,2868
2678,2880,2881,2870,2869
2679,2881,2882,2871,2870
2680,2882,2883,2872,2871
2681,2883,2884,2873,2872
2682,2884,2885,2874,2873
2683,2885,2886,2875,2874
2684,2886,2887,2876,2875
2685,2887,2888,2877,2876
2686,2888,2889,2878,2877
2687,2889,1987,1986,2878
2688,2537,2890,2879,2536
2689,2890,2891,2880,2879
2690,2891,2892,2881,2880
2691,2892,2893,2882,2881
2692,2893,2894,2883,2882
2693,2894,2895,2884,2883
2694,2895,2896,2885,2884
2695,2896,2897,2886,2885
2696,2897,2898,2887,2886
2697,2898,2899,2888,2887
2698,2899,2900,2889,2888
2699,2900,1988,1987,2889
2700,2504,2516,2890,2537
2701,2516,2517,2891,2890
2702,2517,2518,2892,2891
2703,2518,2519,2893,2892
2704,2519,2520,2894,2893
2705,2520,2521,2895,2894
2706,2521,2522,2896,2895
2707,2522,2523,2897,2896
2708,2523,2524,2898,2897
2709,2524,2525,2899,2898
2710,2525,2526,2900,2899
2711,2526,1989,1988,2900
2712,2923,2942,2043,2042
2713,2942,2943,2044,2043
2714,2943,2944,2045,2044
2715,2944,2945,2046,2045
2716,2945,2946,2047,2046
2717,2946,2947,2048,2047
2718,2947,2948,2049,2048
2719,2948,2949,2050,2049
2720,2949,2950,2051,2050
2721,2950,2951,2052,2051
2722,2951,2952,2053,2052
2723,2952,2953,2054,2053
2724,2953,2954,2055,2054
2725,2954,2955,2056,2055
2726,2955,2956,2057,2056
2727,2956,2957,2058,2057
2728,2957,2958,2059,2058
2729,2958,2959,2060,2059
2730,2959,2061,1908,2060
2731,2922,2960,2942,2923
2732,2960,2961,2943,2942
2733,2961,2962,2944,2943
2734,2962,2963,2945,2944
2735,2963,2964,2946,2945
2736,2964,2965,2947,2946
2737,2965,2966,2948,2947
2738,2966,2967,2949,2948
2739,2967,2968,2950,2949
2740,2968,2969,2951,2950
2741,2969,2970,2952,2951
2742,2970,2971,2953,2952
2743,2971,2972,2954,2953
2744,2972,2973,2955,2954
2745,2973,2974,2956,2955
2746,2974,2975,2957,2956
2747,2975,2976,2958,2957
2748,2976,2977,2959,2958
2749,2977,2062,2061,2959
2750,2921,2978,2960,2922
2751,2978,2979,2961,2960
2752,2979,2980,2962,2961
2753,2980,2981,2963,2962
2754,2981,2982,2964,2963
2755,2982,2983,2965,2964
2756,2983,2984,2966,2965
2757,2984,2985,2967,2966
2758,2985,2986,2968,2967
2759,2986,2987,2969,2968
2760,2987,2988,2970,2969
2761,2988,2989,2971,2970
2762,2989,2990,2972,2971
2763,2990,2991,2973,2972
2764,2991,2992,2974,2973
2765,2992,2993,2975,2974
2766,2993,2994,2976,2975
2767,2994,2995,2977,2976
2768,2995,2063,2062,2977
2769,2920,2996,2978,2921
2770,2996,2997,2979,2978
2771,2997,2998,2980,2979
2772,2998,2999,2981,2980
2773,2999,3000,2982,2981
2774,3000,3001,2983,2982
2775,3001,3002,2984,2983
2776,3002,3003,2985,2984
2777,3003,3004,2986,2985
2778,3004,3005,2987,2986
2779,3005,3006,2988,2987
2780,3006,3007,2989,2988
2781,3007,3008,2990,2989
2782,3008,3009,2991,2990
2783,3009,3010,2992,2991
2784,3010,3011,2993,2992
2785,3011,3012,2994,2993
2786,3012,3013,2995,2994
2787,3013,2064,2063,2995
2788,2901,2919,2996,2920
2789,2919,2918,2997,2996
2790,2918,2917,2998,2997
2791,2917,2916,2999,2998
2792,2916,2915,3000,2999
2793,2915,2914,3001,3000
2794,2914,2913,3002,3001
2795,2913,2912,3003,3002
2796,2912,2911,3004,3003
2797,2911,2910,3005,3004
2798,2910,2909,3006,3005
2799,2909,2908,3007,3006
2800,2908,2907,3008,3007
2801,2907,2906,3009,3008
2802,2906,2905,3010,3009
2803,2905,2904,3011,3010
2804,2904,2903,3012,3011
2805,2903,2902,3013,3012
2806,2902,2065,2064,3013
2807,2902,3014,2066,2065
2808,3014,3015,2067,2066
2809,3015,3016,2068,2067
2810,3016,3017,2069,2068
2811,3017,3018,2070,2069
2812,3018,3019,2071,2070
2813,3019,3020,2072,2071
2814,3020,3021,2073,2072
2815,3021,3022,2074,2073
2816,3022,3023,2075,2074
2817,3023,3024,2076,2075
2818,3024,3025,2077,2076
2819,3025,3026,2078,2077
2820,3026,3027,2079,2078
2821,3027,3028,2080,2079
2822,3028,3029,2081,2080
2823,3029,3030,2082,2081
2824,3030,3031,2083,2082
2825,3031,1931,1904,2083
2826,2903,3032,3014,2902
2827,3032,3033,3015,3014
2828,3033,3034,3016,3015
2829,3034,3035,3017,3016
2830,3035,3036,3018,3017
2831,3036,3037,3019,3018
2832,3037,3038,3020,3019
2833,3038,3039,3021,3020
2834,3039,3040,3022,3021
2835,3040,3041,3023,3022
2836,3041,3042,3024,3023
2837,3042,3043,3025,3024
2838,3043,3044,3026,3025
2839,3044,3045,3027,3026
2840,3045,3046,3028,3027
2841,3046,3047,3029,3028
2842,3047,3048,3030,3029
2843,3048,3049,3031,3030
2844,3049,1930,1931,3031
2845,2904,3050,3032,2903
2846,3050,3051,3033,3032
2847,3051,3052,3034,3033
2848,3052,3053,3035,3034
2849,3053,3054,3036,3035
2850,3054,3055,3037,3036
2851,3055,3056,3038,3037
2852,3056,3057,3039,3038
2853,3057,3058,3040,3039
2854,3058,3059,3041,3040
2855,3059,3060,3042,3041
2856,3060,3061,3043,3042
2857,3061,3062,3044,3043
2858,3062,3063,3045,3044
2859,3063,3064,3046,3045
2860,3064,3065,3047,3046
2861,3065,3066,3048,3047
2862,3066,3067,3049,3048
2863,3067,1929,1930,3049
2864,2905,3068,3050,2904
2865,3068,3069,3051,3050
2866,3069,3070,3052,3051
2867,3070,3071,3053,3052
2868,3071,3072,3054,3053
2869,3072,3073,3055,3054
2870,3073,3074,3056,3055
2871,3074,3075,3057,3056
2872,3075,3076,3058,3057
2873,3076,3077,3059,3058
2874,3077,3078,3060,3059
2875,3078,3079,3061,3060
2876,3079,3080,3062,3061
2877,3080,3081,3063,3062
2878,3081,3082,3064,3063
2879,3082,3083,3065,3064
2880,3083,3084,3066,3065
2881,3084,3085,3067,3066
2882,3085,1928,1929,3067
2883,2906,3086,3068,2905
2884,3086,3087,3069,3068
2885,3087,3088,3070,3069
2886,3088,3089,3071,3070
2887,3089,3090,3072,3071
2888,3090,3091,3073,3072
2889,3091,3092,3074,3073
2890,3092,3093,3075,3074
2891,3093,3094,3076,3075
2892,3094,3095,3077,3076
2893,3095,3096,3078,3077
2894,3096,3097,3079,3078
2895,3097,3098,3080,3079
2896,3098,3099,3081,3080
2897,3099,3100,3082,3081
2898,3100,3101,3083,3082
2899,3101,3102,3084,3083
2900,3102,3103,3085,3084
2901,3103,1927,1928,3085
2902,2907,3104,3086,2906
2903,3104,3105,3087,3086
2904,3105,3106,3088,3087
2905,3106,3107,3089,3088
2906,3107,3108,3090,3089
2907,3108,3109,3091,3090
2908,3109,3110,3092,3091
2909,3110,3111,3093,3092
2910,3111,3112,3094,3093
2911,3112,3113,3095,3094
2912,3113,3114,3096,3095
2913,3114,3115,3097,3096
2914,3115,3116,3098,3097
2915,3116,3117,3099,3098
2916,3117,3118,3100,3099
2917,3118,3119,3101,3100
2918,3119,3120,3102,3101
2919,3120,3121,3103,3102
2920,3121,1926,1927,3103
2921,2908,3122,3104,2907
2922,3122,3123,3105,3104
2923,3123,3124,3106,3105
2924,3124,3125,3107,3106
2925,3125,3126,3108,3107
2926,3126,3127,3109,3108
2927,3127,3128,3110,3109
2928,3128,3129,3111,3110
2929,3129,3130,3112,3111
2930,3130,3131,3113,3112
2931,3131,3132,3114,3113
2932,3132,3133,3115,3114
2933,3133,3134,3116,3115
2934,3134,3135,3117,3116
2935,3135,3136,3118,3117
2936,3136,3137,3119,3118
2937,3137,3138,3120,3119
2938,3138,3139,3121,3120
2939,3139,1925,1926,3121
2940,2909,3140,3122,2908
2941,3140,3141,3123,3122
2942,3141,3142,3124,3123
2943,3142,3143,3125,3124
2944,3143,3144,3126,3125
2945,3144,3145,3127,3126
2946,3145,3146,3128,3127
2947,3146,3147,3129,3128
2948,3147,3148,3130,3129
2949,3148,3149,3131,3130
2950,3149,3150,3132,3131
2951,3150,3151,3133,3132
2952,3151,3152,3134,3133
2953,3152,3153,3135,3134
2954,3153,3154,3136,3135
2955,3154,3155,3137,3136
2956,3155,3156,3138,3137
2957,3156,3157,3139,3138
2958,3157,1924,1925,3139
2959,2910,3158,3140,2909
2960,3158,3159,3141,3140
2961,3159,3160,3142,3141
2962,3160,3161,3143,3142
2963,3161,3162,3144,3143
2964,3162,3163,3145,3144
2965,3163,3164,3146,3145
2966,3164,3165,3147,3146
2967,3165,3166,3148,3147
2968,3166,3167,3149,3148
2969,3167,3168,3150,3149
2970,3168,3169,3151,3150
2971,3169,3170,3152,3151
2972,3170,3171,3153,3152
2973,3171,3172,3154,3153
2974,3172,3173,3155,3154
2975,3173,3174,3156,3155
2976,3174,3175,3157,3156
2977,3175,1923,1924,3157
2978,2911,3176,3158,2910
2979,3176,3177,3159,3158
2980,3177,3178,3160,3159
2981,3178,3179,3161,3160
2982,3179,3180,3162,3161
2983,3180,3181,3163,3162
2984,3181,3182,3164,3163
2985,3182,3183,3165,3164
2986,3183,3184,3166,3165
2987,3184,3185,3167,3166
2988,3185,3186,3168,3167
2989,3186,3187,3169,3168
2990,3187,3188,3170,3169
2991,3188,3189,3171,3170
2992,3189,3190,3172,3171
2993,3190,3191,3173,3172
2994,3191,3192,3174,3173
2995,3192,3193,3175,3174
2996,3193,1922,1923,3175
2997,2912,3194,3176,2911
2998,3194,3195,3177,3176
2999,3195,3196,3178,3177
3000,3196,3197,3179,3178
3001,3197,3198,3180,3179
3002,3198,3199,3181,3180
3003,3199,3200,3182,3181
3004,3200,3201,3183,3182
3005,3201,3202,3184,3183
3006,3202,3203,3185,3184
3007,3203,3204,3186,3185
3008,3204,3205,3187,3186
3009,3205,3206,3188,3187
3010,3206,3207,3189,3188
3011,3207,3208,3190,3189
3012,3208,3209,3191,3190
3013,3209,3210,3192,3191
3014,3210,3211,3193,3192
3015,3211,1921,1922,3193
3016,2913,3212,3194,2912
3017,3212,3213,3195,3194
3018,3213,3214,3196,3195
3019,3214,3215,3197,3196
3020,3215,3216,3198,3197
3021,3216,3217,3199,3198
3022,3217,3218,3200,3199
3023,3218,3219,3201,3200
3024,3219,3220,3202,3201
3025,3220,3221,3203,3202
3026,3221,3222,3204,3203
3027,3222,3223,3205,3204
3028,3223,3224,3206,3205
3029,3224,3225,3207,3206
3030,3225,3226,3208,3207
3031,3226,3227,3209,3208
3032,3227,3228,3210,3209
3033,3228,3229,3211,3210
3034,3229,1920,1921,3211
3035,2914,3230,3212,2913
3036,3230,3231,3213,3212
3037,3231,3232,3214,3213
3038,3232,3233,3215,3214
3039,3233,3234,3216,3215
3040,3234,3235,3217,3216
3041,3235,3236,3218,3217
3042,3236,3237,3219,3218
3043,3237,3238,3220,3219
3044,3238,3239,3221,3220
3045,3239,3240,3222,3221
3046,3240,3241,3223,3222
3047,3241,3242,3224,3223
3048,3242,3243,3225,3224
3049,3243,3244,3226,3225
3050,3244,3245,3227,3226
3051,3245,3246,3228,3227
3052,3246,3247,3229,3228
3053,3247,1919,1920,3229
3054,2915,3248,3230,2914
3055,3248,3249,3231,3230
3056,3249,3250,3232,3231
3057,3250,3251,3233,3232
3058,3251,3252,3234,3233
3059,3252,3253,3235,3234
3060,3253,3254,3236,3235
3061,3254,3255,3237,3236
3062,3255,3256,3238,3237
3063,3256,3257,3239,3238
3064,3257,3258,3240,3239
3065,3258,3259,3241,3240
3066,3259,3260,3242,3241
3067,3260,3261,3243,3242
3068,3261,3262,3244,3243
3069,3262,3263,3245,3244
3070,3263,3264,3246,3245
3071,3264,3265,3247,3246
3072,3265,1918,1919,3247
3073,2916,3266,3248,2915
3074,3266,3267,3249,3248
3075,3267,3268,3250,3249
3076,3268,3269,3251,3250
3077,3269,3270,3252,3251
3078,3270,3271,3253,3252
3079,3271,3272,3254,3253
3080,3272,3273,3255,3254
3081,3273,3274,3256,3255
3082,3274,3275,3257,3256
3083,3275,3276,3258,3257
3084,3276,3277,3259,3258
3085,3277,3278,3260,3259
3086,3278,3279,3261,3260
3087,3279,3280,3262,3261
3088,3280,3281,3263,3262
3089,3281,3282,3264,3263
3090,3282,3283,3265,3264
3091,3283,1917,1918,3265
3092,2917,3284,3266,2916
3093,3284,3285,3267,3266
3094,3285,3286,3268,3267
3095,3286,3287,3269,3268
3096,3287,3288,3270,3269
3097,3288,3289,3271,3270
3098,3289,3290,3272,3271
3099,3290,3291,3273,3272
3100,3291,3292,3274,3273
3101,3292,3293,3275,3274
3102,3293,3294,3276,3275
3103,3294,3295,3277,3276
3104,3295,3296,3278,3277
3105,3296,3297,3279,3278
3106,3297,3298,3280,3279
3107,3298,3299,3281,3280
3108,3299,3300,3282,3281
3109,3300,3301,3283,3282
3110,3301,1916,1917,3283
3111,2918,3302,3284,2917
3112,3302,3303,3285,3284
3113,3303,3304,3286,3285
3114,3304,3305,3287,3286
3115,3305,3306,3288,3287
3116,3306,3307,3289,3288
3117,3307,3308,3290,3289
3118,3308,3309,3291,3290
3119,3309,3310,3292,3291
3120,3310,3311,3293,3292
3121,3311,3312,3294,3293
3122,3312,3313,3295,3294
3123,3313,3314,3296,3295
3124,3314,3315,3297,3296
3125,3315,3316,3298,3297
3126,3316,3317,3299,3298
3127,3317,3318,3300,3299
3128,3318,3319,3301,3300
3129,3319,1915,1916,3301
3130,2919,3320,3302,2918
3131,3320,3321,3303,3302
3132,3321,3322,3304,3303
3133,3322,3323,3305,3304
3134,3323,3324,3306,3305
3135,3324,3325,3307,3306
3136,3325,3326,3308,3307
3137,3326,3327,3309,3308
3138,3327,3328,3310,3309
3139,3328,3329,3311,3310
3140,3329,3330,3312,3311
3141,3330,3331,3313,3312
3142,3331,3332,3314,3313
3143,3332,3333,3315,3314
3144,3333,3334,3316,3315
3145,3334,3335,3317,3316
3146,3335,3336,3318,3317
3147,3336,3337,3319,3318
3148,3337,1914,1915,3319
3149,2901,2941,3320,2919
3150,2941,2940,3321,3320
3151,2940,2939,3322,3321
3152,2939,2938,3323,3322
3153,2938,2937,3324,3323
3154,2937,2936,3325,3324
3155,2936,2935,3326,3325
3156,2935,2934,3327,3326
3157,2934,2933,3328,3327
3158,2933,2932,3329,3328
3159,2932,2931,3330,3329
3160,2931,2930,3331,3330
3161,2930,2929,3332,3331
3162,2929,2928,3333,3332
3163,2928,2927,3334,3333
3164,2927,2926,3335,3334
3165,2926,2925,3336,3335
3166,2925,2924,3337,3336
3167,2924,1913,1914,3337
3168,2924,3338,1912,1913
3169,3338,3339,1911,1912
3170,3339,3340,1910,1911
3171,3340,3341,1909,1910
3172,3341,2024,1906,1909
3173,2925,3342,3338,2924
3174,3342,3343,3339,3338
3175,3343,3344,3340,3339
3176,3344,3345,3341,3340
3177,3345,2025,2024,3341
3178,2926,3346,3342,2925
3179,3346,3347,3343,3342
3180,3347,3348,3344,3343
3181,3348,3349,3345,3344
3182,3349,2026,2025,3345
3183,2927,3350,3346,2926
3184,3350,3351,3347,3346
3185,3351,3352,3348,3347
3186,3352,3353,3349,3348
3187,3353,2027,2026,3349
3188,2928,3354,3350,2927
3189,3354,3355,3351,3350
3190,3355,3356,3352,3351
3191,3356,3357,3353,3352
3192,3357,2028,2027,3353
3193,2929,3358,3354,2928
3194,3358,3359,3355,3354
3195,3359,3360,3356,3355
3196,3360,3361,3357,3356
3197,3361,2029,2028,3357
3198,2930,3362,3358,2929
3199,3362,3363,3359,3358
3200,3363,3364,3360,3359
3201,3364,3365,3361,3360
3202,3365,2030,2029,3361
3203,2931,3366,3362,2930
3204,3366,3367,3363,3362
3205,3367,3368,3364,3363
3206,3368,3369,3365,3364
3207,3369,2031,2030,3365
3208,2932,3370,3366,2931
3209,3370,3371,3367,3366
3210,3371,3372,3368,3367
3211,3372,3373,3369,3368
3212,3373,2032,2031,3369
3213,2933,3374,3370,2932
3214,3374,3375,3371,3370
3215,3375,3376,3372,3371
3216,3376,3377,3373,3372
3217,3377,2033,2032,3373
3218,2934,3378,3374,2933
3219,3378,3379,3375,3374
3220,3379,3380,3376,3375
3221,3380,3381,3377,3376
3222,3381,2034,2033,3377
3223,2935,3382,3378,2934
3224,3382,3383,3379,3378
3225,3383,3384,3380,3379
3226,3384,3385,3381,3380
3227,3385,2035,2034,3381
3228,2936,3386,3382,2935
3229,3386,3387,3383,3382
3230,3387,3388,3384,3383
3231,3388,3389,3385,3384
3232,3389,2036,2035,3385
3233,2937,3390,3386,2936
3234,3390,3391,3387,3386
3235,3391,3392,3388,3387
3236,3392,3393,3389,3388
3237,3393,2037,2036,3389
3238,2938,3394,3390,2937
3239,3394,3395,3391,3390
3240,3395,3396,3392,3391
3241,3396,3397,3393,3392
3242,3397,2038,2037,3393
3243,2939,3398,3394,2938
3244,3398,3399,3395,3394
3245,3399,3400,3396,3395
3246,3400,3401,3397,3396
3247,3401,2039,2038,3397
3248,2940,3402,3398,2939
3249,3402,3403,3399,3398
3250,3403,3404,3400,3399
3251,3404,3405,3401,3400
3252,3405,2040,2039,3401
3253,2941,3406,3402,2940
3254,3406,3407,3403,3402
3255,3407,3408,3404,3403
3256,3408,3409,3405,3404
3257,3409,2041,2040,3405
3258,2901,2920,3406,2941
3259,2920,2921,3407,3406
3260,2921,2922,3408,3407
3261,2922,2923,3409,3408
3262,2923,2042,2041,3409
3263,3432,3444,2011,2012
3264,3444,3445,2010,2011
3265,3445,3446,2009,2010
3266,3446,3447,2008,2009
3267,3447,3448,2007,2008
3268,3448,3449,2006,2007
3269,3449,3450,2005,2006
3270,3450,3451,2004,2005
3271,3451,3452,2003,2004
3272,3452,3453,2002,2003
3273,3453,3454,2001,2002
3274,3454,2083,1904,2001
3275,3431,3455,3444,3432
3276,3455,3456,3445,3444
3277,3456,3457,3446,3445
3278,3457,3458,3447,3446
3279,3458,3459,3448,3447
3280,3459,3460,3449,3448
3281,3460,3461,3450,3449
3282,3461,3462,3451,3450
3283,3462,3463,3452,3451
3284,3463,3464,3453,3452
3285,3464,3465,3454,3453
3286,3465,2082,2083,3454
3287,3430,3466,3455,3431
3288,3466,3467,3456,3455
3289,3467,3468,3457,3456
3290,3468,3469,3458,3457
3291,3469,3470,3459,3458
3292,3470,3471,3460,3459
3293,3471,3472,3461,3460
3294,3472,3473,3462,3461
3295,3473,3474,3463,3462
3296,3474,3475,3464,3463
3297,3475,3476,3465,3464
3298,3476,2081,2082,3465
3299,3429,3477,3466,3430
3300,3477,3478,3467,3466
3301,3478,3479,3468,3467
3302,3479,3480,3469,3468
3303,3480,3481,3470,3469
3304,3481,3482,3471,3470
3305,3482,3483,3472,3471
3306,3483,3484,3473,3472
3307,3484,3485,3474,3473
3308,3485,3486,3475,3474
3309,3486,3487,3476,3475
3310,3487,2080,2081,3476
3311,3428,3488,3477,3429
3312,3488,3489,3478,3477
3313,3489,3490,3479,3478
3314,3490,3491,3480,3479
3315,3491,3492,3481,3480
3316,3492,3493,3482,3481
3317,3493,3494,3483,3482
3318,3494,3495,3484,3483
3319,3495,3496,3485,3484
3320,3496,3497,3486,3485
3321,3497,3498,3487,3486
3322,3498,2079,2080,3487
3323,3427,3499,3488,3428
3324,3499,3500,3489,3488
3325,3500,3501,3490,3489
3326,3501,3502,3491,3490
3327,3502,3503,3492,3491
3328,3503,3504,3493,3492
3329,3504,3505,3494,3493
3330,3505,3506,3495,3494
3331,3506,3507,3496,3495
3332,3507,3508,3497,3496
3333,3508,3509,3498,3497
3334,3509,2078,2079,3498
3335,3426,3510,3499,3427
3336,3510,3511,3500,3499
3337,3511,3512,3501,3500
3338,3512,3513,3502,3501
3339,3513,3514,3503,3502
3340,3514,3515,3504,3503
3341,3515,3516,3505,3504
3342,3516,3517,3506,3505
3343,3517,3518,3507,3506
3344,3518,3519,3508,3507
3345,3519,3520,3509,3508
3346,3520,2077,2078,3509
3347,3425,3521,3510,3426
3348,3521,3522,3511,3510
3349,3522,3523,3512,3511
3350,3523,3524,3513,3512
3351,3524,3525,3514,3513
3352,3525,3526,3515,3514
3353,3526,3527,3516,3515
3354,3527,3528,3517,3516
3355,3528,3529,3518,3517
3356,3529,3530,3519,3518
3357,3530,3531,3520,3519
3358,3531,2076,2077,3520
3359,3424,3532,3521,3425
3360,3532,3533,3522,3521
3361,3533,3534,3523,3522
3362,3534,3535,3524,3523
3363,3535,3536,3525,3524
3364,3536,3537,3526,3525
3365,3537,3538,3527,3526
3366,3538,3539,3528,3527
3367,3539,3540,3529,3528
3368,3540,3541,3530,3529
3369,3541,3542,3531,3530
3370,3542,2075,2076,3531
3371,3423,3543,3532,3424
3372,3543,3544,3533,3532
3373,3544,3545,3534,3533
3374,3545,3546,3535,3534
3375,3546,3547,3536,3535
3376,3547,3548,3537,3536
3377,3548,3549,3538,3537
3378,3549,3550,3539,3538
3379,3550,3551,3540,3539
3380,3551,3552,3541,3540
3381,3552,3553,3542,3541
3382,3553,2074,2075,3542
3383,3422,3554,3543,3423
3384,3554,3555,3544,3543
3385,3555,3556,3545,3544
3386,3556,3557,3546,3545
3387,3557,3558,3547,3546
3388,3558,3559,3548,3547
3389,3559,3560,3549,3548
3390,3560,3561,3550,3549
3391,3561,3562,3551,3550
3392,3562,3563,3552,3551
3393,3563,3564,3553,3552
3394,3564,2073,2074,3553
3395,3410,3421,3554,3422
3396,3421,3420,3555,3554
3397,3420,3419,3556,3555
3398,3419,3418,3557,3556
3399,3418,3417,3558,3557
3400,3417,3416,3559,3558
3401,3416,3415,3560,3559
3402,3415,3414,3561,3560
3403,3414,3413,3562,3561
3404,3413,3412,3563,3562
3405,3412,3411,3564,3563
3406,3411,2072,2073,3564
3407,3411,3565,2071,2072
3408,3565,3566,2070,2071
3409,3566,3567,2069,2070
3410,3567,3568,2068,2069
3411,3568,3569,2067,2068
3412,3569,3570,2066,2067
3413,3570,3571,2065,2066
3414,3571,3572,2064,2065
3415,3572,3573,2063,2064
3416,3573,3574,2062,2063
3417,3574,3575,2061,2062
3418,3575,2084,1908,2061
3419,3412,3576,3565,3411
3420,3576,3577,3566,3565
3421,3577,3578,3567,3566
3422,3578,3579,3568,3567
3423,3579,3580,3569,3568
3424,3580,3581,3570,3569
3425,3581,3582,3571,3570
3426,3582,3583,3572,3571
3427,3583,3584,3573,3572
3428,3584,3585,3574,3573
3429,3585,3586,3575,3574
3430,3586,2085,2084,3575
3431,3413,3587,3576,3412
3432,3587,3588,3577,3576
3433,3588,3589,3578,3577
3434,3589,3590,3579,3578
3435,3590,3591,3580,3579
3436,3591,3592,3581,3580
3437,3592,3593,3582,3581
3438,3593,3594,3583,3582
3439,3594,3595,3584,3583
3440,3595,3596,3585,3584
3441,3596,3597,3586,3585
3442,3597,2086,2085,3586
3443,3414,3598,3587,3413
3444,3598,3599,3588,3587
3445,3599,3600,3589,3588
3446,3600,3601,3590,3589
3447,3601,3602,3591,3590
3448,3602,3603,3592,3591
3449,3603,3604,3593,3592
3450,3604,3605,3594,3593
3451,3605,3606,3595,3594
3452,3606,3607,3596,3595
3453,3607,3608,3597,3596
3454,3608,2087,2086,3597
3455,3415,3609,3598,3414
3456,3609,3610,3599,3598
3457,3610,3611,3600,3599
3458,3611,3612,3601,3600
3459,3612,3613,3602,3601
3460,3613,3614,3603,3602
3461,3614,3615,3604,3603
3462,3615,3616,3605,3604
3463,3616,3617,3606,3605
3464,3617,3618,3607,3606
3465,3618,3619,3608,3607
3466,3619,2088,2087,3608
3467,3416,3620,3609,3415
3468,3620,3621,3610,3609
3469,3621,3622,3611,3610
3470,3622,3623,3612,3611
3471,3623,3624,3613,3612
3472,3624,3625,3614,3613
3473,3625,3626,3615,3614
3474,3626,3627,3616,3615
3475,3627,3628,3617,3616
3476,3628,3629,3618,3617
3477,3629,3630,3619,3618
3478,3630,2089,2088,3619
3479,3417,3631,3620,3416
3480,3631,3632,3621,3620
3481,3632,3633,3622,3621
3482,3633,3634,3623,3622
3483,3634,3635,3624,3623
3484,3635,3636,3625,3624
3485,3636,3637,3626,3625
3486,3637,3638,3627,3626
3487,3638,3639,3628,3627
3488,3639,3640,3629,3628
3489,3640,3641,3630,3629
3490,3641,2090,2089,3630
3491,3418,3642,3631,3417
3492,3642,3643,3632,3631
3493,3643,3644,3633,3632
3494,3644,3645,3634,3633
3495,3645,3646,3635,3634
3496,3646,3647,3636,3635
3497,3647,3648,3637,3636
3498,3648,3649,3638,3637
3499,3649,3650,3639,3638
3500,3650,3651,3640,3639
3501,3651,3652,3641,3640
3502,3652,2091,2090,3641
3503,3419,3653,3642,3418
3504,3653,3654,3643,3642
3505,3654,3655,3644,3643
3506,3655,3656,3645,3644
3507,3656,3657,3646,3645
3508,3657,3658,3647,3646
3509,3658,3659,3648,3647
3510,3659,3660,3649,3648
3511,3660,3661,3650,3649
3512,3661,3662,3651,3650
3513,3662,3663,3652,3651
3514,3663,2092,2091,3652
3515,3420,3664,3653,3419
3516,3664,3665,3654,3653
3517,3665,3666,3655,3654
3518,3666,3667,3656,3655
3519,3667,3668,3657,3656
3520,3668,3669,3658,3657
3521,3669,3670,3659,3658
3522,3670,3671,3660,3659
3523,3671,3672,3661,3660
3524,3672,3673,3662,3661
3525,3673,3674,3663,3662
3526,3674,2093,2092,3663
3527,3421,3675,3664,3420
3528,3675,3676,3665,3664
3529,3676,3677,3666,3665
3530,3677,3678,3667,3666
3531,3678,3679,3668,3667
3532,3679,3680,3669,3668
3533,3680,3681,3670,3669
3534,3681,3682,3671,3670
3535,3682,3683,3672,3671
3536,3683,3684,3673,3672
3537,3684,3685,3674,3673
3538,3685,2094,2093,3674
3539,3410,3443,3675,3421
3540,3443,3442,3676,3675
3541,3442,3441,3677,3676
3542,3441,3440,3678,3677
3543,3440,3439,3679,3678
3544,3439,3438,3680,3679
3545,3438,3437,3681,3680
3546,3437,3436,3682,3681
3547,3436,3435,3683,3682
3548,3435,3434,3684,3683
3549,3434,3433,3685,3684
3550,3433,2095,2094,3685
3551,3433,3686,2096,2095
3552,3686,3687,2097,2096
3553,3687,3688,2098,2097
3554,3688,3689,2099,2098
3555,3689,3690,2100,2099
3556,3690,3691,2101,2100
3557,3691,3692,2102,2101
3558,3692,3693,2103,2102
3559,3693,3694,2104,2103
3560,3694,3695,2105,2104
3561,3695,3696,2106,2105
3562,3696,2023,1907,2106
3563,3434,3697,3686,3433
3564,3697,3698,3687,3686
3565,3698,3699,3688,3687
3566,3699,3700,3689,3688
3567,3700,3701,3690,3689
3568,3701,3702,3691,3690
3569,3702,3703,3692,3691
3570,3703,3704,3693,3692
3571,3704,3705,3694,3693
3572,3705,3706,3695,3694
3573,3706,3707,3696,3695
3574,3707,2022,2023,3696
3575,3435,3708,3697,3434
3576,3708,3709,3698,3697
3577,3709,3710,3699,3698
3578,3710,3711,3700,3699
3579,3711,3712,3701,3700
3580,3712,3713,3702,3701
3581,3713,3714,3703,3702
3582,3714,3715,3704,3703
3583,3715,3716,3705,3704
3584,3716,3717,3706,3705
3585,3717,3718,3707,3706
3586,3718,2021,2022,3707
3587,3436,3719,3708,3435
3588,3719,3720,3709,3708
3589,3720,3721,3710,3709
3590,3721,3722,3711,3710
3591,3722,3723,3712,3711
3592,3723,3724,3713,3712
3593,3724,3725,3714,3713
3594,3725,3726,3715,3714
3595,3726,3727,3716,3715
3596,3727,3728,3717,3716
3597,3728,3729,3718,3717
3598,3729,2020,2021,3718
3599,3437,3730,3719,3436
3600,3730,3731,3720,3719
3601,3731,3732,3721,3720
3602,3732,3733,3722,3721
3603,3733,3734,3723,3722
3604,3734,3735,3724,3723
3605,3735,3736,3725,3724
3606,3736,3737,3726,3725
3607,3737,3738,3727,3726
3608,3738,3739,3728,3727
3609,3739,3740,3729,3728
3610,3740,2019,2020,3729
3611,3438,3741,3730,3437
3612,3741,3742,3731,3730
3613,3742,3743,3732,3731
3614,3743,3744,3733,3732
3615,3744,3745,3734,3733
3616,3745,3746,3735,3734
3617,3746,3747,3736,3735
3618,3747,3748,3737,3736
3619,3748,3749,3738,3737
3620,3749,3750,3739,3738
3621,3750,3751,3740,3739
3622,3751,2018,2019,3740
3623,3439,3752,3741,3438
3624,3752,3753,3742,3741
3625,3753,3754,3743,3742
3626,3754,3755,3744,3743
3627,3755,3756,3745,3744
3628,3756,3757,3746,3745
3629,3757,3758,3747,3746
3630,3758,3759,3748,3747
3631,3759,3760,3749,3748
3632,3760,3761,3750,3749
3633,3761,3762,3751,3750
3634,3762,2017,2018,3751
3635,3440,3763,3752,3439
3636,3763,3764,3753,3752
3637,3764,3765,3754,3753
3638,3765,3766,3755,3754
3639,3766,3767,3756,3755
3640,3767,3768,3757,3756
3641,3768,3769,3758,3757
3642,3769,3770,3759,3758
3643,3770,3771,3760,3759
3644,3771,3772,3761,3760
3645,3772,3773,3762,3761
3646,3773,2016,2017,3762
3647,3441,3774,3763,3440
3648,3774,3775,3764,3763
3649,3775,3776,3765,3764
3650,3776,3777,3766,3765
3651,3777,3778,3767,3766
3652,3778,3779,3768,3767
3653,3779,3780,3769,3768
3654,3780,3781,3770,3769
3655,3781,3782,3771,3770
3656,3782,3783,3772,3771
3657,3783,3784,3773,3772
3658,3784,2015,2016,3773
3659,3442,3785,3774,3441
3660,3785,3786,3775,3774
3661,3786,3787,3776,3775
3662,3787,3788,3777,3776
3663,3788,3789,3778,3777
3664,3789,3790,3779,3778
3665,3790,3791,3780,3779
3666,3791,3792,3781,3780
3667,3792,3793,3782,3781
3668,3793,3794,3783,3782
3669,3794,3795,3784,3783
3670,3795,2014,2015,3784
3671,3443,3796,3785,3442
3672,3796,3797,3786,3785
3673,3797,3798,3787,3786
3674,3798,3799,3788,3787
3675,3799,3800,3789,3788
3676,3800,3801,3790,3789
3677,3801,3802,3791,3790
3678,3802,3803,3792,3791
3679,3803,3804,3793,3792
3680,3804,3805,3794,3793
3681,3805,3806,3795,3794
3682,3806,2013,2014,3795
3683,3410,3422,3796,3443
3684,3422,3423,3797,3796
3685,3423,3424,3798,3797
3686,3424,3425,3799,3798
3687,3425,3426,3800,3799
3688,3426,3427,3801,3800
3689,3427,3428,3802,3801
3690,3428,3429,3803,3802
3691,3429,3430,3804,3803
3692,3430,3431,3805,3804
3693,3431,3432,3806,3805
3694,3432,2012,2013,3806
3695,3,1906,2024,121
3696,121,2024,2025,122
3697,122,2025,2026,123
3698,123,2026,2027,124
3699,124,2027,2028,125
3700,125,2028,2029,126
3701,126,2029,2030,127
3702,127,2030,2031,128
3703,128,2031,2032,129
3704,129,2032,2033,130
3705,130,2033,2034,131
3706,131,2034,2035,132
3707,132,2035,2036,133
3708,133,2036,2037,134
3709,134,2037,2038,135
3710,135,2038,2039,136
3711,136,2039,2040,137
3712,137,2040,2041,138
3713,138,2041,2042,139
3714,139,2042,2043,140
3715,140,2043,2044,141
3716,141,2044,2045,142
3717,142,2045,2046,143
3718,143,2046,2047,144
3719,144,2047,2048,145
3720,145,2048,2049,146
3721,146,2049,2050,147
3722,147,2050,2051,148
3723,148,2051,2052,149
3724,149,2052,2053,150
3725,150,2053,2054,151
3726,151,2054,2055,152
3727,152,2055,2056,153
3728,153,2056,2057,154
3729,154,2057,2058,155
3730,155,2058,2059,156
3731,156,2059,2060,157
3732,157,2060,1908,5
3733,5,1908,2084,181
3734,181,2084,2085,182
3735,182,2085,2086,183
3736,183,2086,2087,184
3737,184,2087,2088,185
3738,185,2088,2089,186
3739,186,2089,2090,187
3740,187,2090,2091,188
3741,188,2091,2092,189
3742,189,2092,2093,190
3743,190,2093,2094,191
3744,191,2094,2095,192
3745,192,2095,2096,193
3746,193,2096,2097,194
3747,194,2097,2098,195
3748,195,2098,2099,196
3749,196,2099,2100,197
3750,197,2100,2101,198
3751,198,2101,2102,199
3752,199,2102,2103,200
3753,200,2103,2104,201
3754,201,2104,2105,202
3755,202,2105,2106,203
3756,203,2106,1907,4
3757,4,1907,1978,75
3758,75,1978,1979,76
3759,76,1979,1980,77
3760,77,1980,1981,78
3761,78,1981,1982,79
3762,79,1982,1983,80
3763,80,1983,1984,81
3764,81,1984,1985,82
3765,82,1985,1986,83
3766,83,1986,1987,84
3767,84,1987,1988,85
3768,85,1988,1989,86
3769,86,1989,1990,87
3770,87,1990,1991,88
3771,88,1991,1992,89
3772,89,1992,1993,90
3773,90,1993,1994,91
3774,91,1994,1995,92
3775,92,1995,1996,93
3776,93,1996,1997,94
3777,94,1997,1998,95
3778,95,1998,1999,96
3779,96,1999,2000,97
3780,97,2000,1905,2
3781,2,1905,1955,52
3782,52,1955,1956,53
3783,53,1956,1957,54
3784,54,1957,1958,55
3785,55,1958,1959,56
3786,56,1959,1960,57
3787,57,1960,1961,58
3788,58,1961,1962,59
3789,59,1962,1963,60
3790,60,1963,1964,61
3791,61,1964,1965,62
3792,62,1965,1966,63
3793,63,1966,1967,64
3794,64,1967,1968,65
3795,65,1968,1969,66
3796,66,1969,1970,67
3797,67,1970,1971,68
3798,68,1971,1972,69
3799,69,1972,1973,70
3800,70,1973,1974,71
3801,71,1974,1975,72
3802,72,1975,1976,73
3803,73,1976,1977,74
3804,74,1977,1906,3
