1.000 26.883 19.465 3.500 0.000
2.000 27.457 19.423 7.302 0.000
3.000 25.887 18.528 -10.039 0.000
4.000 29.786 19.080 6.892 0.000
5.000 26.337 19.637 -4.569 0.000
6.000 24.242 19.735 14.038 0.000
7.000 25.616 20.458 8.831 0.000
8.000 26.502 20.007 11.405 0.000
9.000 29.284 18.197 -8.789 0.000
10.000 24.063 19.598 -8.008 0.000
11.000 27.769 20.059 8.139 0.000
12.000 25.264 18.417 -0.159 0.000
13.000 27.488 20.280 -2.099 0.000
14.000 23.682 18.968 -2.842 0.000
15.000 23.079 18.717 2.761 0.000
16.000 28.380 20.106 -11.012 0.000
17.000 27.047 19.085 13.573 0.000
18.000 29.686 18.555 5.809 0.000
19.000 28.675 20.688 0.465 0.000
20.000 28.766 20.540 -5.641 0.000
21.000 27.303 18.837 12.379 0.000
22.000 25.204 20.866 -10.606 0.000
23.000 29.377 18.117 0.998 0.000
24.000 24.739 20.487 10.336 0.000
25.000 29.916 19.914 9.615 0.000
26.000 23.533 18.314 -11.756 0.000
27.000 23.762 20.312 -13.663 0.000
28.000 25.763 20.965 -6.879 0.000
29.000 29.479 20.721 4.190 0.000
30.000 27.743 18.654 -0.774 0.000
31.000 23.388 19.230 9.460 0.000
32.000 28.240 18.888 -14.654 0.000
33.000 29.071 19.300 -5.134 0.000
34.000 24.520 19.938 5.269 0.000
35.000 24.374 20.166 -14.322 0.000
36.000 26.754 18.257 4.457 0.000
37.000 28.994 18.727 6.290 0.000
38.000 26.401 18.138 -6.432 0.000
39.000 23.903 19.743 11.139 0.000
40.000 28.477 19.845 -7.699 0.000
41.000 28.002 20.633 -3.079 0.000
42.000 28.049 19.543 -9.483 0.000
43.000 24.880 18.903 14.598 0.000
44.000 25.964 20.775 -3.745 0.000
45.000 25.004 19.182 2.151 0.000
46.000 27.109 18.056 -1.717 0.000
47.000 24.618 19.329 1.737 0.000
48.000 23.253 20.358 -13.049 0.000
49.000 25.394 18.460 -12.243 0.000
50.000 26.174 20.899 12.604 0.000
