1.213322107610968814e+00
1.271917544265075417e+00
1.100021299480157255e+00
1.055225384398842170e+00
1.170839914584418384e+00
1.252679378260608711e+00
1.164818863084835732e+00
1.198465654857431728e+00
1.249524159573113247e+00
1.067853181201398494e+00
1.189457338682773813e+00
1.276666371107068931e+00
1.209829509859398966e+00
1.269762037948948930e+00
1.290327494794178298e+00
1.016598177115082491e+00
1.145395440811399546e+00
1.095325653479920947e+00
1.243889522475205789e+00
1.272880704096607030e+00
1.299802488562365133e+00
1.060001558180288406e+00
1.086523046133636372e+00
1.212998082319200366e+00
1.238402664188193558e+00
1.205195283003596129e+00
1.007018860788571724e+00
1.273447828943545135e+00
1.126585342179590832e+00
1.018438149638260626e+00
