1.000000000000000000e+00 1.894006035065117999e+01 7.749311878206095905e+00 1.480391363831412121e+01 1.385366582593149154e+00
2.000000000000000000e+00 1.791889882152722180e+01 9.982573269562632134e+00 -1.476763167911809482e+01 1.471343161690860990e+00
3.000000000000000000e+00 1.759432669119834003e+01 9.121938603841886817e+00 6.294245675948491048e-01 1.393334784668550208e+00
4.000000000000000000e+00 1.886099576090399310e+01 8.876138358841608067e+00 1.825724232345246278e+00 1.349155733186722328e+00
5.000000000000000000e+00 1.997369191742029670e+01 8.208390073686079091e+00 3.166375737350801689e+00 1.330579497307909698e+00
6.000000000000000000e+00 1.656884037915372687e+01 8.624668220135745855e+00 -3.209800031318921221e-01 1.283501955633404190e+00
7.000000000000000000e+00 1.834976578706101691e+01 8.272014793973406555e+00 3.377086354740199137e-01 1.293987837364669158e+00
8.000000000000000000e+00 1.755638558850782971e+01 8.039298094998828859e+00 -5.733905775244848568e-01 1.217116349222921112e+00
9.000000000000000000e+00 1.811577702171358695e+01 8.863838680230950118e+00 1.492749321721485245e+01 1.519587083113276060e+00
1.000000000000000000e+01 1.853685421579358206e+01 8.053461774147756103e+00 3.748368012719651143e-01 1.265644296283752412e+00
1.100000000000000000e+01 1.853960149982317418e+01 8.134279101584429128e+00 9.259800967309654851e-01 1.356048238877455070e+00
1.200000000000000000e+01 1.840201799704191288e+01 8.740222828484485618e+00 1.494529292572259038e+01 1.443543866550510923e+00
1.300000000000000000e+01 1.882225566133996963e+01 8.107331701011009528e+00 2.944473493454619728e+00 1.313698149166835805e+00
1.400000000000000000e+01 1.742974458761937484e+01 9.018398107390623863e+00 -1.190052938947591343e+00 1.218162505127688977e+00
1.500000000000000000e+01 1.884619755052765910e+01 8.243013939841180360e+00 1.195478308329409600e+00 1.344957705014665494e+00
1.600000000000000000e+01 1.841604134123480563e+01 8.126516512832207439e+00 1.774271977168167869e+00 1.316673703814290386e+00
1.700000000000000000e+01 1.674174271081627197e+01 8.280267912735796543e+00 1.509956797758738034e-02 1.250605317868975108e+00
1.800000000000000000e+01 1.742042215920356085e+01 8.478201813603975623e+00 1.338920199885463624e+00 1.301201373594995436e+00
1.900000000000000000e+01 1.729224509468748749e+01 8.422430391821889017e+00 -1.065976938523135686e+00 1.318067987123454410e+00
2.000000000000000000e+01 1.848299067407868890e+01 8.176055851573741151e+00 -7.303880840137264574e-01 1.276542168184132686e+00
2.100000000000000000e+01 1.855842280880328943e+01 8.418180874982063244e+00 -2.126785810696407708e-02 1.230507142999263337e+00
2.200000000000000000e+01 1.745149078691316902e+01 8.414088391172199977e+00 -7.652622759438719724e-01 1.311934503261339202e+00
2.300000000000000000e+01 1.786725236798931249e+01 7.946897710898070066e+00 1.448733207850063653e-01 1.276128486926199068e+00
2.400000000000000000e+01 1.649819402106361110e+01 8.235207875677282630e+00 -2.253707997000419239e-01 1.269387345948666423e+00
2.500000000000000000e+01 1.859749620337743536e+01 8.585430432423098779e+00 1.268439826603456888e+00 1.387398932851087840e+00
2.600000000000000000e+01 1.796352117870870302e+01 8.365886073668090006e+00 3.308517584250481036e-01 1.345710694887811032e+00
2.700000000000000000e+01 1.802391932245237882e+01 8.186201122296099086e+00 3.503226532840957308e-01 1.311202130146775557e+00
2.800000000000000000e+01 1.785473296073084981e+01 8.259749826535113471e+00 6.694268280502779778e-01 1.296788023078733199e+00
2.900000000000000000e+01 1.892495057942837278e+01 8.401969069751691777e+00 1.125276640441518650e+00 1.245950621826294125e+00
3.000000000000000000e+01 1.884088523175276464e+01 7.648598589442107354e+00 2.132142097759754940e+00 1.367931551781222055e+00
