2.03015
1.88622
2.18266
1.87362
2.02122
1.9305
2.2985
2.00356
1.93729
2.04351
1.82738
2.39297
1.8026
2.57938
1.80443
1.93875
2.30137
2.47452
1.8148
1.90623
2.1634
1.85402
1.83278
1.77292
2.47027
1.80443
1.79303
1.81831
1.81416
2.50273
1.82018
2.00366
1.91076
2.27986
1.87402
1.8857
1.93635
1.84083
1.89718
2.41765
2.1939
1.90447
1.88802
1.87329
2.00267
2.55656
1.80117
2.63712
2.26316
2.09397
1.87643
1.76943
1.98653
1.95542
2.20402
2.17446
2.37623
1.87477
1.78075
1.85288
2.09725
2.25969
2.12979
1.84694
1.90599
1.98862
2.12124
2.73386
2.20458
1.89251
1.85878
1.97864
2.1066
2.49306
2.39704
1.80327
1.99029
1.9677
2.62303
2.02584
2.71156
1.93273
1.8201
2.04008
2.25628
1.76319
1.88866
2.0854
1.80639
1.93273
1.91247
1.8448
2.19953
2.70443
2.12303
2.52026
1.93864
2.22457
