15.159 4.431 6.949 1.368
15.884 7.997 14.603 0.785
17.09684173 6.356 0 2
18.861 6.854 1.067 1.6
18.17082943 4.169 -0.281 0.76
19.219 4.684 0 1.106
17.828 4.989 0 2
18.669 4.366 -0.73 0.767
16.563 5.93 -8.392 1.548
16.261 5.522 -14.28 0.653
15.642 9.52 -12.9 1.158
19.53001278 5.614 9.812 0.287
16.661 8.802 -14.499 1.32
16.475 7.328 7.956 0.139
18.653 9.428 -5.302 1.349
19.001 6.773 8.746 1.707
19.47211249 5.505 -0.938 0.333
18.778 4.312 -5.741 0.223
16.608 7.14 -5.142 1.411
18.597 6.644 -13.593 1.578
17.03093967 6.648 12.274 0.452
17.803 7.028 0 1.556
18.808 6.607 -10.338 1.296
17.85 7.732 0 1.09
18.55823899 8.57 -5.568 0.209
19.41 6.128 10.781 1.265
15.891 7.672 -5.666 1.4
17.097 8.71 1.859 1.016
16.138 7.906 -6.364 1.034
17.64206748 9.561 -11.603 0.212
15.49 9.652 -2.987 1.072
16.014 5.806 8.82 1.673
19.145 5.65 -7.681 1.451
19.596 4.796 0 2
19.56 5.943 -11.859 1.131
17.654 9.948 -6.827 1.718
19.55404513 9.497 -3.384 0.918
16.291 8.956 -12.056 1.027
15.306 9.355 -7.508 1.748
18.147 6.612 8.624 0.253
16.2599609 6.515 -7.445 0.414
19.622 7.044 14.727 0.925
16.116 6.239 7.004 0.801
19.322 6.234 -13.933 1.289
17.949 4.413 5.47 1.431
15.66 7.73 10.532 0.162
18.018 8.029 -2.724 1.483
15.55241035 8.919 -6.279 0.106
15.32845763 7.444 6.385 0.355
18.31 5.557 4.626 1.828
19.594 5.489 0.267 1.131
18.365 6.882 0 1.221
19.18 6.413 9.013 1.759
18.553 4.465 0 1.04
18.47490745 9.666 14.185 0.548
15.35599417 6.847 0 2
15.89680628 9.298 -2.095 0.298
19.517 5.45 6.758 1.229
16.466 9.006 14.522 1.245
16.31452899 7.386 -10.353 0.91
19.14662732 9.21 0 2
17.778 8.431 9.331 0.405
18.825 5.07 -7.929 1.82
19.383 7.336 7.568 1.064
18.82919716 9.022 11.037 0.994
17.584 6.309 11.539 0.637
18.64540805 7.024 0.802 0.475
15.984 7.523 -8.344 0.015
15.87648007 8.747 -9.996 0.425
16.73 5.287 3.202 1.281
19.242 6.215 -10.077 1.051
15.2270945 9.199 -14.007 0.705
18.51335745 8.367 -3.738 0.504
16.62956236 5.352 -6.671 0.185
17.454 9.934 1.9 0.318
17.779 8.393 -0.399 1.529
15.5 5.548 4.409 1.613
18.2903422 8.655 -8.422 0.683
15.582 4.691 7.219 0.098
18.74325999 9.239 -6.397 0.644
19.257 6.064 -5.207 0.029
18.517 4.634 10.039 1.1
19.112 7.786 -2.142 1.495
18.69916087 9.706 -7.55 0.663
17.255 4.556 -4.335 1.91
16.171 8.729 0 1.133
16.49972732 5.867 4.849 0.847
18.91 8.719 0 2
17.797 7.54 -1.473 1.046
17.601 8 7.518 1.119
15.14382039 9.789 13.438 0.865
17.719 9.875 9.221 1.652
15.444 5.034 -8.939 0.441
15.08279468 6.356 -9.256 0.033
15.736 7.68 0 2
17.0005192 6.807 8.254 0.176
17.212 6.463 -11.867 0.739
15.89819101 6.958 5.417 0.383
