1.262221563962257598e+00
1.119807268010944767e+00
1.183689588740088672e+00
1.163231328438754097e+00
1.115732143248852504e+00
1.184755244383862260e+00
1.161822748102279812e+00
1.234071682681664894e+00
1.161860770647551666e+00
1.291099885164427308e+00
1.173500692208997886e+00
1.134348091494941313e+00
1.137745809007598918e+00
1.299403273501182232e+00
1.224484403350768691e+00
1.228621397930349968e+00
1.135862329366684964e+00
1.195990997518118215e+00
1.237242484807105969e+00
1.270771199735337476e+00
1.284885612373982022e+00
1.111612316774802878e+00
1.294129372929476496e+00
1.155551186636369687e+00
1.261664374997552240e+00
1.226665987182955053e+00
1.151016640094838062e+00
1.177529965585075500e+00
1.252419648660862750e+00
1.193572527110628778e+00
