4031.625951
2723.836194
3262.983011
2840.194075
3738.876423
3398.501822
3759.417771
3546.465457
3308.47306
3483.156393
2480.224415
3309.182263
2557.091247
3175.772663
2194.544557
2865.571536
3361.317652
3795.724157
2971.040965
2926.905533
3179.732244
2884.432588
2913.008758
2690.232095
2750.535459
2944.641505
2888.890172
2536.931791
2852.080296
2606.89815
2685.053592
3592.567196
3135.594259
3455.299304
3042.860496
2202.686022
2114.944728
2588.097697
2549.031942
3086.536997
3383.144182
2579.684489
3191.111358
2973.150859
3603.114766
3104.416816
2593.650596
3048.331176
3185.196236
3306.42535
3137.827085
2856.851497
2959.906525
3567.118734
2235.348406
3221.660273
2752.72552
3132.420933
2465.397774
2998.277754
2325.32788
2570.131114
3391.481997
2625.397412
2271.680356
3064.666076
2943.211435
3356.122531
2832.858604
3452.210572
3009.546033
2668.358667
2611.659018
3828.233773
2334.571719
2518.670784
3473.888533
2512.693768
3998.844467
2323.632099
3390.3482
3482.371917
2561.308182
2214.377344
3713.361483
2604.768532
3354.159289
2487.646814
2764.974507
2614.658137
2423.238301
2185.063572
3751.74469
3819.891074
3015.761975
3331.512246
3116.172703
3550.916112
