  1,           0.,           0.
      2,         -70.,           0.
      3,           0.,         -70.
      4,           0.,          70.
      5,          70.,           0.
      6,           0.,  -67.0833359
      7,           0.,  -64.1666641
      8,           0.,       -61.25
      9,           0.,  -58.3333321
     10,           0.,  -55.4166679
     11,           0.,        -52.5
     12,           0.,  -49.5833321
     13,           0.,  -46.6666679
     14,           0.,       -43.75
     15,           0.,  -40.8333321
     16,           0.,  -37.9166679
     17,           0.,         -35.
     18,           0.,  -32.0833321
     19,           0.,   -29.166666
     20,           0.,       -26.25
     21,           0.,   -23.333334
     22,           0.,   -20.416666
     23,           0.,        -17.5
     24,           0.,   -14.583333
     25,           0.,   -11.666667
     26,           0.,        -8.75
     27,           0.,  -5.83333349
     28,           0.,  -2.91666675
     29,  -2.91666675,           0.
     30,  -5.83333349,           0.
     31,        -8.75,           0.
     32,   -11.666667,           0.
     33,   -14.583333,           0.
     34,        -17.5,           0.
     35,   -20.416666,           0.
     36,   -23.333334,           0.
     37,       -26.25,           0.
     38,   -29.166666,           0.
     39,  -32.0833321,           0.
     40,         -35.,           0.
     41,  -37.9166679,           0.
     42,  -40.8333321,           0.
     43,       -43.75,           0.
     44,  -46.6666679,           0.
     45,  -49.5833321,           0.
     46,        -52.5,           0.
     47,  -55.4166679,           0.
     48,  -58.3333321,           0.
     49,       -61.25,           0.
     50,  -64.1666641,           0.
     51,  -67.0833359,           0.
     52,  -69.8501282,  -4.57821894
     53,  -69.4011383,  -9.13683319
     54,  -68.6549683,  -13.6563225
     55,  -67.6148071,  -18.1173325
     56,  -66.2851105,  -22.5007629
     57,  -64.6715698,  -26.7878399
     58,  -62.7810936,  -30.9602089
     59,  -60.6217766,         -35.
     60,  -58.2028732,  -38.8899155
     61,  -55.5347328,  -42.6133003
     62,   -52.628788,  -46.1542053
     63,  -49.4974747,  -49.4974747
     64,  -46.1542053,   -52.628788
     65,  -42.6133003,  -55.5347328
     66,  -38.8899155,  -58.2028732
     67,         -35.,  -60.6217766
     68,  -30.9602089,  -62.7810936
     69,  -26.7878399,  -64.6715698
     70,  -22.5007629,  -66.2851105
     71,  -18.1173325,  -67.6148071
     72,  -13.6563225,  -68.6549683
     73,  -9.13683319,  -69.4011383
     74,  -4.57821894,  -69.8501282
     75,  -4.57821894,   69.8501282
     76,  -9.13683319,   69.4011383
     77,  -13.6563225,   68.6549683
     78,  -18.1173325,   67.6148071
     79,  -22.5007629,   66.2851105
     80,  -26.7878399,   64.6715698
     81,  -30.9602089,   62.7810936
     82,         -35.,   60.6217766
     83,  -38.8899155,   58.2028732
     84,  -42.6133003,   55.5347328
     85,  -46.1542053,    52.628788
     86,  -49.4974747,   49.4974747
     87,   -52.628788,   46.1542053
     88,  -55.5347328,   42.6133003
     89,  -58.2028732,   38.8899155
     90,  -60.6217766,          35.
     91,  -62.7810936,   30.9602089
     92,  -64.6715698,   26.7878399
     93,  -66.2851105,   22.5007629
     94,  -67.6148071,   18.1173325
     95,  -68.6549683,   13.6563225
     96,  -69.4011383,   9.13683319
     97,  -69.8501282,   4.57821894
     98,           0.,   2.91666675
     99,           0.,   5.83333349
    100,           0.,         8.75
    101,           0.,    11.666667
    102,           0.,    14.583333
    103,           0.,         17.5
    104,           0.,    20.416666
    105,           0.,    23.333334
    106,           0.,        26.25
    107,           0.,    29.166666
    108,           0.,   32.0833321
    109,           0.,          35.
    110,           0.,   37.9166679
    111,           0.,   40.8333321
    112,           0.,        43.75
    113,           0.,   46.6666679
    114,           0.,   49.5833321
    115,           0.,         52.5
    116,           0.,   55.4166679
    117,           0.,   58.3333321
    118,           0.,        61.25
    119,           0.,   64.1666641
    120,           0.,   67.0833359
    121,   2.89274812,  -69.9402008
    122,   5.78055429,  -69.7609177
    123,   8.65848446,  -69.4624405
    124,   11.5216217,  -69.0452881
    125,   14.3650742,  -68.5101776
    126,   17.1839848,   -67.858017
    127,   19.9735355,    -67.08992
    128,   22.7289619,  -66.2072067
    129,   25.4455585,  -65.2113724
    130,    28.118679,  -64.1041336
    131,   30.7437611,  -62.8873672
    132,   33.3163185,  -61.5631638
    133,    35.831955,  -60.1337776
    134,   38.2863693,  -58.6016541
    135,   40.6753769,  -56.9694099
    136,   42.9948883,  -55.2398338
    137,   45.2409477,  -53.4158859
    138,   47.4097099,  -51.5006752
    139,   49.4974747,  -49.4974747
    140,   51.5006752,  -47.4097099
    141,   53.4158859,  -45.2409477
    142,   55.2398338,  -42.9948883
    143,   56.9694099,  -40.6753769
    144,   58.6016541,  -38.2863693
    145,   60.1337776,   -35.831955
    146,   61.5631638,  -33.3163185
    147,   62.8873672,  -30.7437611
    148,   64.1041336,   -28.118679
    149,   65.2113724,  -25.4455585
    150,   66.2072067,  -22.7289619
    151,     67.08992,  -19.9735355
    152,    67.858017,  -17.1839848
    153,   68.5101776,  -14.3650742
    154,   69.0452881,  -11.5216217
    155,   69.4624405,  -8.65848446
    156,   69.7609177,  -5.78055429
    157,   69.9402008,  -2.89274812
    158,   67.0833359,           0.
    159,   64.1666641,           0.
    160,        61.25,           0.
    161,   58.3333321,           0.
    162,   55.4166679,           0.
    163,         52.5,           0.
    164,   49.5833321,           0.
    165,   46.6666679,           0.
    166,        43.75,           0.
    167,   40.8333321,           0.
    168,   37.9166679,           0.
    169,          35.,           0.
    170,   32.0833321,           0.
    171,    29.166666,           0.
    172,        26.25,           0.
    173,    23.333334,           0.
    174,    20.416666,           0.
    175,         17.5,           0.
    176,    14.583333,           0.
    177,    11.666667,           0.
    178,         8.75,           0.
    179,   5.83333349,           0.
    180,   2.91666675,           0.
    181,   69.8501282,   4.57821894
    182,   69.4011383,   9.13683319
    183,   68.6549683,   13.6563225
    184,   67.6148071,   18.1173325
    185,   66.2851105,   22.5007629
    186,   64.6715698,   26.7878399
    187,   62.7810936,   30.9602089
    188,   60.6217766,          35.
    189,   58.2028732,   38.8899155
    190,   55.5347328,   42.6133003
    191,    52.628788,   46.1542053
    192,   49.4974747,   49.4974747
    193,   46.1542053,    52.628788
    194,   42.6133003,   55.5347328
    195,   38.8899155,   58.2028732
    196,          35.,   60.6217766
    197,   30.9602089,   62.7810936
    198,   26.7878399,   64.6715698
    199,   22.5007629,   66.2851105
    200,   18.1173325,   67.6148071
    201,   13.6563225,   68.6549683
    202,   9.13683319,   69.4011383
    203,   4.57821894,   69.8501282
    204,  -31.7505436,  -31.8067627
    205,  -34.8267746,  -2.88063288
    206,  -34.6434555,  -5.76557159
    207,  -34.4451027,  -8.65025711
    208,  -34.2289276,  -11.5319872
    209,  -33.9938622,  -14.4084435
    210,  -33.7401085,  -17.2769985
    211,  -33.4686432,  -20.1331234
    212,  -33.1773758,  -22.9596367
    213,   -32.853981,  -25.6983681
    214,  -32.4780159,  -28.2228794
    215,  -32.0491104,  -30.3302631
    216,  -30.2548618,  -32.0619278
    217,  -28.1024971,  -32.3971443
    218,  -25.5973949,  -32.7456398
    219,  -22.9050064,  -33.0821381
    220,  -20.1185627,  -33.3957558
    221,  -17.2858124,  -33.6843605
    222,  -14.4290447,  -33.9491959
    223,  -11.5585423,  -34.1916428
    224,  -8.67905807,  -34.4133148
    225,  -5.79259968,  -34.6176147
    226,  -2.89978814,  -34.8105011
    227,  -47.7318726,  -47.7392235
    228,  -46.0844994,  -46.0958939
    229,  -44.5071449,  -44.5193481
    230,  -42.9641724,  -42.9757271
    231,  -41.4352264,  -41.4464645
    232,  -39.9110031,  -39.9239235
    233,  -38.3870926,  -38.4065018
    234,   -36.862175,  -36.8967361
    235,  -35.3501663,  -35.4066544
    236,  -33.8992386,  -33.9706154
    237,  -32.6037979,  -32.6698875
    238,  -2.84151459,   -31.919754
    239,  -2.81544638,  -29.0228062
    240,  -2.80890346,   -26.122776
    241,  -2.81304073,   -23.221241
    242,  -2.82253885,   -20.319006
    243,  -2.83454752,  -17.4164581
    244,  -2.84766722,  -14.5137777
    245,  -2.86125636,  -11.6110449
    246,  -2.87503624,  -8.70829105
    247,   -2.8888917,  -5.80552959
    248,  -2.90277529,  -2.90276527
    249,  -5.68490505,  -31.7523518
    250,  -5.63428831,  -28.8764725
    251,  -5.62050676,  -25.9942188
    252,  -5.62777138,  -23.1084995
    253,  -5.64600468,  -20.2210484
    254,  -5.66956043,  -17.3327866
    255,  -5.69555283,   -14.444169
    256,  -5.72261047,  -11.5554018
    257,  -5.75011444,  -8.66657352
    258,  -5.77780056,  -5.77772236
    259,  -5.80555725,  -2.88886261
    260,  -8.52664566,  -31.5782661
    261,  -8.45358658,  -28.7264805
    262,  -8.43305683,  -25.8637886
    263,  -8.44330215,   -22.994854
    264,  -8.46999359,  -20.1226749
    265,  -8.50487137,  -17.2489319
    266,  -8.54359436,  -14.3744831
    267,  -8.58403969,  -11.4997272
    268,  -8.62522793,  -8.62484455
    269,  -8.66672516,  -5.74991083
    270,  -8.70834446,  -2.87495804
    271,  -11.3651628,  -31.3947449
    272,  -11.2718115,  -28.5715847
    273,  -11.2454834,   -25.730917
    274,  -11.2590065,  -22.8800411
    275,  -11.2941837,  -20.0237637
    276,  -11.3403282,  -17.1648407
    277,  -11.3917236,  -14.3046951
    278,  -11.4455166,  -11.4440098
    279,  -11.5003643,  -8.58309746
    280,  -11.5556602,  -5.72209215
    281,  -11.6111364,  -2.86105108
    282,   -14.198946,  -31.1999626
    283,  -14.0878506,  -28.4108505
    284,  -14.0570459,  -25.5951462
    285,  -14.0744419,  -22.7638397
    286,  -14.1183281,  -19.9242134
    287,   -14.175807,  -17.0804596
    288,  -14.2398825,  -14.2347794
    289,  -14.3070164,  -11.3882389
    290,   -14.375515,  -8.54132843
    291,   -14.444602,  -5.69426489
    292,  -14.5139322,  -2.84714127
    293,   -17.025238,  -30.9928379
    294,  -16.9001579,  -28.2436676
    295,  -16.8669014,  -25.4561539
    296,  -16.8891602,  -22.6460934
    297,  -16.9422016,  -19.8239441
    298,  -17.0111961,  -16.9957581
    299,  -17.0880184,  -14.1647234
    300,  -17.1685143,   -11.332407
    301,  -17.2506676,  -8.49953365
    302,  -17.3335476,  -5.66642666
    303,   -17.416729,  -2.83322716
    304,  -19.8374939,  -30.7728863
    305,  -19.7046013,  -28.0704842
    306,  -19.6724052,  -25.3150215
    307,  -19.7014236,  -22.5281906
    308,  -19.7646294,  -19.7244339
    309,  -19.8456936,  -16.9121552
    310,  -19.9355907,  -14.0958233
    311,  -20.0296574,  -11.2776451
    312,  -20.1256142,  -8.45865345
    313,  -20.2223835,  -5.63931465
    314,   -20.319479,  -2.81983471
    315,  -22.6174355,  -30.5434322
    316,  -22.4868431,  -27.8988247
    317,  -22.4627647,  -25.1816864
    318,  -22.5032902,   -22.420826
    319,  -22.5798626,   -19.636076
    320,  -22.6752377,  -16.8391876
    321,  -22.7798443,  -14.0364561
    322,  -22.8887005,  -11.2310085
    323,  -22.9993439,  -8.42432785
    324,  -23.1106071,  -5.61710072
    325,  -23.2219677,  -2.80932188
    326,  -25.3194733,  -30.3218193
    327,  -25.2096786,  -27.7568817
    328,  -25.2099094,  -25.0890694
    329,    -25.27425,   -22.357008
    330,  -25.3732243,  -19.5895424
    331,  -25.4896393,   -16.804081
    332,   -25.614048,  -14.0098734
    333,  -25.7415161,  -11.2114868
    334,  -25.8695831,  -8.41111183
    335,  -25.9971008,  -5.60961723
    336,   -26.123745,  -2.80656886
    337,  -27.8578072,  -30.1491928
    338,  -27.8090134,  -27.7027092
    339,  -27.8687191,  -25.0989723
    340,  -27.9827385,  -22.3949718
    341,  -28.1226788,  -19.6365051
    342,    -28.27388,  -16.8511467
    343,  -28.4284687,   -14.052824
    344,  -28.5822563,  -11.2481403
    345,  -28.7331505,  -8.44019985
    346,  -28.8803673,  -5.63020325
    347,  -29.0242729,  -2.81765318
    348,  -30.1095524,    -30.09235
    349,  -30.2117004,  -27.8175335
    350,  -30.3947849,  -25.2881966
    351,  -30.5997143,  -22.6007729
    352,  -30.8082428,  -19.8316517
    353,  -31.0142479,  -17.0249557
    354,    -31.21418,  -14.2009516
    355,  -31.4055901,  -11.3681803
    356,  -31.5872879,   -8.5305748
    357,  -31.7593555,  -5.69004726
    358,  -31.9234333,  -2.84708309
    359,  -37.7228889,  -2.96727467
    360,  -40.6158066,   -3.0818975
    361,  -43.5067444,  -3.21356344
    362,  -46.3966141,   -3.3544898
    363,  -49.2859573,  -3.50002003
    364,  -52.1750565,  -3.64768505
    365,  -55.0640602,  -3.79628539
    366,  -57.9533997,  -3.94530225
    367,  -60.8470078,  -4.09486485
    368,  -63.7609787,   -4.2466917
    369,  -66.7353668,  -4.40538788
    370,  -37.5113487,  -5.93871498
    371,  -40.3713112,  -6.16478825
    372,   -43.226223,  -6.42437649
    373,  -46.0783234,  -6.70282364
    374,  -48.9290085,    -6.990973
    375,  -51.7790298,  -7.28377533
    376,  -54.6287613,  -7.57868481
    377,   -57.479248,  -7.87458849
    378,  -60.3380241,  -8.17187977
    379,  -63.2321968,  -8.47432709
    380,  -66.2213135,  -8.79126072
    381,  -37.2737923,  -8.90871143
    382,  -40.0874252,  -9.24308205
    383,  -42.8913574,  -9.62662888
    384,  -45.6898041,  -10.0385084
    385,  -48.4854431,  -10.4653215
    386,  -51.2797356,  -10.8994751
    387,  -54.0734253,  -11.3370428
    388,  -56.8681259,  -11.7762899
    389,  -59.6737404,  -12.2179527
    390,  -62.5232773,  -12.6680088
    391,   -65.484314,  -13.1405277
    392,  -37.0054245,  -11.8732319
    393,  -39.7569046,  -12.3119688
    394,   -42.492157,  -12.8147326
    395,  -45.2181396,  -13.3549709
    396,  -47.9392929,  -13.9153032
    397,  -50.6581116,  -14.4856958
    398,  -53.3758621,  -15.0608559
    399,  -56.0946503,  -15.6384382
    400,  -58.8256836,  -16.2195663
    401,  -61.6046371,  -16.8124809
    402,  -64.5018539,  -17.4359684
    403,  -36.7040291,  -14.8289614
    404,  -39.3762703,  -15.3671513
    405,  -42.0237579,  -15.9833374
    406,  -44.6569595,  -16.6456795
    407,  -47.2826462,   -17.333086
    408,  -49.9046516,  -18.0332146
    409,  -52.5249481,  -18.7394543
    410,  -55.1461105,  -19.4488754
    411,  -57.7799759,  -20.1630135
    412,  -60.4631119,  -20.8923798
    413,  -63.2661896,  -21.6604118
    414,  -36.3691483,  -17.7727375
    415,  -38.9444885,  -18.4045715
    416,  -41.4845581,  -19.1272736
    417,  -44.0041122,  -19.9042168
    418,   -46.512764,  -20.7108955
    419,  -49.0160103,  -21.5328255
    420,  -51.5167274,  -22.3621674
    421,  -54.0179634,  -23.1954384
    422,  -56.5318527,  -24.0346012
    423,   -59.094902,  -24.8924141
    424,  -61.7768898,  -25.7968788
    425,  -36.0002213,   -20.699501
    426,  -38.4599266,   -21.417942
    427,  -40.8724518,  -22.2389336
    428,  -43.2573891,  -23.1217003
    429,  -45.6275482,  -24.0386238
    430,  -47.9903107,  -24.9732189
    431,  -50.3495712,  -25.9164791
    432,  -52.7088852,  -26.8643932
    433,  -55.0804977,  -27.8193588
    434,  -57.5003662,  -28.7963428
    435,  -60.0366554,  -29.8277988
    436,  -35.5883331,  -23.5880013
    437,  -37.9090462,  -24.3835945
    438,  -40.1721344,  -25.2939034
    439,  -42.4017715,  -26.2738228
    440,  -44.6133766,  -27.2923813
    441,  -46.8158569,  -28.3310013
    442,  -49.0139542,  -29.3794994
    443,  -51.2116508,  -30.4333572
    444,  -53.4211655,  -31.4954128
    445,  -55.6776085,  -32.5828285
    446,  -58.0479813,  -33.7332878
    447,  -35.1010666,  -26.3695507
    448,  -37.2476044,  -27.2325478
    449,  -39.3358307,  -28.2273102
    450,   -41.391304,  -29.3010292
    451,  -43.4288559,  -30.4179173
    452,  -45.4570541,  -31.5569801
    453,  -47.4806442,  -32.7069244
    454,  -49.5036774,  -33.8628616
    455,   -51.538269,  -35.0282745
    456,  -53.6195183,  -36.2235718
    457,  -55.8122978,  -37.4910774
    458,  -34.4772987,  -28.9094009
    459,   -36.395462,  -29.8415699
    460,  -38.2806206,  -30.9308434
    461,  -40.1487045,  -32.1085129
    462,  -42.0059509,  -33.3321724
    463,  -43.8565292,  -34.5786896
    464,  -45.7035713,  -35.8363609
    465,  -47.5508232,  -37.1006622
    466,  -49.4111252,  -38.3770752
    467,   -51.318306,  -39.6884995
    468,  -53.3323898,   -41.079422
    469,  -33.6392555,  -31.0268478
    470,   -35.257225,  -32.0689011
    471,  -36.9153671,  -33.2902832
    472,  -38.5941582,  -34.6007767
    473,  -40.2778091,  -35.9537697
    474,    -41.96035,  -37.3268051
    475,  -43.6419029,  -38.7100105
    476,  -45.3264961,  -40.1012726
    477,  -47.0271301,  -41.5083771
    478,  -48.7735443,  -42.9543991
    479,  -50.6166496,  -44.4818115
    480,  -44.5386658,  -50.6955643
    481,  -41.1243134,  -53.4060898
    482,  -37.5204163,  -55.8765831
    483,  -33.7525711,  -58.1075706
    484,  -29.8421841,  -60.0958252
    485,  -25.8082123,   -61.836113
    486,  -21.6684647,  -63.3225708
    487,  -17.4403667,  -64.5499344
    488,  -13.1414108,   -65.516861
    489,  -8.78944397,  -66.2336426
    490,  -4.40277767,  -66.7324905
    491,   -43.024971,   -48.877449
    492,  -39.7292252,  -51.4000244
    493,   -36.238266,  -53.6813622
    494,  -32.5852661,  -55.7319908
    495,  -28.7960453,  -57.5554581
    496,  -24.8913975,  -59.1506729
    497,  -20.8893127,  -60.5141907
    498,   -16.806488,  -61.6426239
    499,  -12.6592655,  -62.5384674
    500,  -8.46428013,  -63.2212677
    501,   -4.2386961,   -63.737915
    502,  -41.5723763,  -47.1267357
    503,  -38.3900414,  -49.4652138
    504,  -35.0079117,  -51.5621033
    505,   -31.465519,  -53.4368057
    506,   -27.792738,  -55.0992775
    507,  -24.0122051,  -56.5525551
    508,  -20.1422081,  -57.7956886
    509,  -16.1988144,   -58.827095
    510,  -12.1972847,  -59.6517525
    511,  -8.15299702,  -60.2931366
    512,  -4.08183575,  -60.8013458
    513,  -40.1523705,  -45.4116058
    514,  -37.0815163,  -47.5687256
    515,  -33.8062592,  -49.4839554
    516,  -30.3722897,  -51.1852837
    517,  -26.8134575,   -52.688961
    518,  -23.1542587,   -54.002121
    519,  -19.4133396,   -55.126358
    520,  -15.6062012,  -56.0617447
    521,  -11.7470398,   -56.814621
    522,  -7.84992361,    -57.40905
    523,  -3.92932701,   -57.893177
    524,  -38.7479095,  -43.7137108
    525,  -35.7885361,  -45.6915207
    526,  -32.6195374,  -47.4267883
    527,  -29.2930508,  -48.9562035
    528,  -25.8469696,  -50.3023109
    529,  -22.3077164,  -51.4763756
    530,  -18.6943455,  -52.4825439
    531,  -15.0218296,  -53.3224525
    532,  -11.3033009,  -54.0030594
    533,  -7.55147934,  -54.5472832
    534,  -3.77932167,   -54.999012
    535,  -37.3500786,   -42.024025
    536,  -34.5028458,  -43.8236122
    537,  -31.4401398,  -45.3798447
    538,  -28.2208233,  -46.7381363
    539,  -24.8869839,  -47.9273415
    540,  -21.4670353,  -48.9628525
    541,  -17.9804783,  -49.8513985
    542,   -14.441782,  -50.5961075
    543,  -10.8630238,  -51.2041893
    544,  -7.25553799,  -51.6965141
    545,  -3.63069701,  -52.1116943
    546,  -35.9542732,  -40.3383179
    547,   -33.220562,  -41.9593201
    548,  -30.2650337,  -43.3366432
    549,   -27.153265,  -44.5241966
    550,  -23.9316559,  -45.5569687
    551,  -20.6307392,  -46.4543877
    552,  -17.2705688,  -47.2257233
    553,  -13.8651695,  -47.8755569
    554,  -10.4255924,   -48.411129
    555,  -6.96177483,  -48.8508606
    556,  -3.48347044,  -49.2276001
    557,  -34.5625763,  -38.6538315
    558,  -31.9473076,  -40.0920486
    559,  -29.1021461,  -41.2887383
    560,  -26.0993176,   -42.305603
    561,  -22.9900036,  -43.1829529
    562,  -19.8073521,  -43.9436646
    563,  -16.5723057,  -44.5991974
    564,  -13.2986546,  -45.1553802
    565,  -9.99651909,  -45.6193466
    566,   -6.6744957,  -46.0068283
    567,   -3.3401134,  -46.3446808
    568,  -33.2007332,  -36.9693604
    569,  -30.7154217,  -38.2104568
    570,  -27.9858265,  -39.2202377
    571,  -25.0924892,  -40.0661774
    572,  -22.0931511,  -40.7910843
    573,  -19.0247688,  -41.4192657
    574,  -15.9098577,  -41.9632339
    575,  -12.7623348,  -42.4294853
    576,  -9.59160614,  -42.8247299
    577,  -6.40446472,  -43.1618118
    578,  -3.20593381,  -43.4615974
    579,   -31.936367,  -35.2890472
    580,  -29.5959167,  -36.2990913
    581,  -26.9829426,  -37.1085281
    582,  -24.1929588,   -37.783577
    583,  -21.2939777,  -38.3626328
    584,  -18.3284683,  -38.8670464
    585,  -15.3212051,  -39.3080368
    586,  -12.2865372,  -39.6916504
    587,  -9.23297882,  -40.0236282
    588,   -6.1655798,  -40.3137817
    589,  -3.08730698,  -40.5773849
    590,  -30.8800774,  -33.6228943
    591,  -28.6860542,  -34.3394775
    592,  -26.1736946,  -34.9294357
    593,  -23.4664345,  -35.4363174
    594,  -20.6464691,  -35.8810425
    595,  -17.7625504,  -36.2753334
    596,  -14.8415298,  -36.6260376
    597,  -11.8977776,   -36.937355
    598,  -8.93888283,  -37.2135239
    599,  -5.96869373,   -37.461441
    600,  -2.98894715,  -37.6914978
    601,  -31.8413467,     31.84342
    602,  -34.8178215,   2.87867975
    603,  -34.6288452,   5.76188326
    604,   -34.428093,   8.64505577
    605,  -34.2109222,   11.5252819
    606,  -33.9742584,   14.3999043
    607,  -33.7161293,   17.2656898
    608,  -33.4337654,   20.1168785
    609,  -33.1225967,   22.9355354
    610,  -32.7816048,   25.6678314
    611,  -32.4205589,   28.1989174
    612,  -32.0580635,   30.3336105
    613,  -32.7510033,   32.7243652
    614,   -34.014637,   33.9661942
    615,  -35.4188881,     35.37117
    616,  -36.8844299,    36.849575
    617,  -38.3791389,   38.3565903
    618,   -39.888546,   39.8732376
    619,   -41.405632,   41.3932953
    620,  -42.9282913,   42.9162521
    621,  -44.4631767,   44.4503441
    622,  -46.0341873,     46.02174
    623,  -47.6884384,   47.6800537
    624,  -2.88063431,   34.8267746
    625,  -5.76557684,   34.6434555
    626,  -8.65026951,   34.4451065
    627,  -11.5320158,   34.2289505
    628,  -14.4085121,   33.9939537
    629,  -17.2771454,   33.7404022
    630,  -20.1334248,   33.4695282
    631,  -22.9610329,   33.1810646
    632,  -25.7034225,   32.8668747
    633,  -28.2354546,   32.5104141
    634,  -30.3534698,   32.1100693
    635,  -50.6726303,   44.5153656
    636,  -53.3956451,   41.1137466
    637,  -55.8718987,   37.5156937
    638,   -58.105526,   33.7505112
    639,  -60.0949593,   29.8413143
    640,  -61.8357544,   25.8078537
    641,  -63.3224258,   21.6683197
    642,   -64.549881,   17.4403095
    643,  -65.5168457,   13.1413889
    644,  -66.2336426,   8.78943634
    645,  -66.7324905,   4.40277481
    646,   -48.844696,   42.9918137
    647,  -51.3834419,   39.7124939
    648,   -53.673336,   36.2301865
    649,  -55.7282715,   32.5815239
    650,  -57.5537949,   28.7943764
    651,  -59.1499557,   24.8906784
    652,  -60.5138931,   20.8890114
    653,  -61.6425018,   16.8063641
    654,  -62.5384254,   12.6592178
    655,  -63.2212524,   8.46426105
    656,  -63.7379074,   4.23868942
    657,  -47.0931206,    41.538475
    658,  -49.4466324,   38.3713379
    659,  -51.5524864,   34.9982414
    660,  -53.4320946,   31.4607849
    661,  -55.0970764,   27.7905273
    662,  -56.5515633,   24.0112133
    663,  -57.7952652,    20.141777
    664,  -58.8269196,   16.1986332
    665,  -59.6516838,   12.1972103
    666,  -60.2931061,   8.15296745
    667,  -60.8013382,    4.0818243
    668,  -45.3805161,   40.1210213
    669,  -47.5503731,   37.0630379
    670,  -49.4739494,    33.796196
    671,  -51.1801643,   30.3671494
    672,  -52.6864738,   26.8109627
    673,  -54.0009651,   23.1530991
    674,   -55.125843,   19.4128208
    675,  -56.0615273,   15.6059761
    676,  -56.8145294,   11.7469444
    677,  -57.4090118,   7.84988403
    678,  -57.8931656,   3.92931223
    679,  -43.6855469,   38.7191772
    680,  -45.6741867,   35.7709503
    681,  -47.4169998,   32.6096458
    682,  -48.9510384,   29.2878418
    683,  -50.2997322,   25.8443718
    684,  -51.4751434,   22.3064804
    685,  -52.4819756,    18.693779
    686,  -53.3222046,   15.0215778
    687,  -54.0029602,   11.3031921
    688,   -54.547245,   7.55143309
    689,  -54.9989967,   3.77930379
    690,  -41.9989433,   37.3237686
    691,  -43.8077621,   34.4864235
    692,  -45.3706665,   31.4307175
    693,  -46.7331734,   28.2157631
    694,  -47.9248047,   24.8844109
    695,  -48.9616127,    21.465786
    696,  -49.8508148,   17.9798927
    697,  -50.5958481,   14.4415178
    698,  -51.2040787,   10.8629074
    699,  -51.6964722,    7.2554884
    700,  -52.1116791,    3.6306777
    701,  -40.3184433,   35.9328537
    702,  -41.9464073,   33.2070236
    703,  -43.3289795,   30.2571068
    704,   -44.519989,   27.1488762
    705,  -45.5548172,   23.9293194
    706,   -46.453373,   20.6295166
    707,  -47.2252922,   17.2699165
    708,  -47.8753967,   13.8647957
    709,  -48.4110947,   10.4253473
    710,  -48.8508759,   6.96158838
    711,  -49.2276154,   3.48331308
    712,  -38.6442184,   34.5538025
    713,   -40.085331,   31.9416981
    714,   -41.284771,   29.0985699
    715,  -42.3037338,   26.0968876
    716,  -43.1824074,   22.9881935
    717,  -43.9438324,   19.8058681
    718,  -44.5996704,   16.5709801
    719,  -45.1559143,   13.2973919
    720,  -45.6198196,    9.9952774
    721,  -46.0071831,   6.67327261
    722,  -46.3448982,   3.33922052
    723,  -36.9757309,   33.2160568
    724,  -38.2139244,   30.7255859
    725,  -39.2233734,    27.991291
    726,  -40.0697403,    25.093998
    727,  -40.7948685,   22.0918865
    728,  -41.4229126,   19.0218086
    729,  -41.9664612,   15.9059296
    730,  -42.4321327,   12.7578716
    731,  -42.8267288,   9.58688354
    732,  -43.1631927,   6.40009403
    733,  -43.4623718,   3.20312071
    734,  -35.3127975,   31.9841347
    735,  -36.3144684,   29.6293564
    736,  -37.1219139,   27.0030231
    737,  -37.7964516,   24.2010384
    738,  -38.3745804,   21.2931519
    739,  -38.8774681,   18.3220577
    740,  -39.3166466,   15.3116188
    741,  -39.6983719,   12.2752714
    742,  -40.0286102,   9.22128963
    743,  -40.3172493,   6.15531635
    744,  -40.5793228,   3.08103681
    745,  -33.6538811,   30.9569416
    746,  -34.3629761,   28.7469559
    747,  -34.9538078,    26.214859
    748,  -35.4613686,   23.4854546
    749,  -35.9045448,   20.6472683
    750,  -36.2955627,   17.7515297
    751,  -36.6424179,   14.8238754
    752,  -36.9500771,   11.8768768
    753,  -37.2231445,   8.91748428
    754,  -37.4683952,   5.95009851
    755,  -37.6955528,   2.97745371
    756,  -31.9232216,   2.83047342
    757,  -29.0244446,   2.80989408
    758,  -26.1235275,   2.80624628
    759,  -23.2215748,   2.81182885
    760,  -20.3191452,   2.82200956
    761,  -17.4165154,   2.83432484
    762,  -14.5138006,   2.84757662
    763,  -11.6110535,   2.86122084
    764,  -8.70829487,   2.87502289
    765,  -5.80553102,   2.88888645
    766,  -2.90276575,   2.90277338
    767,  -31.7586174,   5.66705751
    768,  -28.8797379,    5.6246829
    769,  -25.9958191,   5.61566257
    770,  -23.1092415,   5.62545967
    771,  -20.2213745,   5.64495277
    772,  -17.3329258,   5.66910028
    773,  -14.4442263,   5.69535923
    774,  -11.5554237,   5.72253132
    775,  -8.66658306,   5.75008297
    776,  -5.77772617,   5.77778816
    777,  -2.88886404,   5.80555248
    778,  -31.5872269,   8.50567341
    779,  -28.7314243,   8.44173431
    780,  -25.8663139,   8.42682266
    781,   -22.996067,   8.44021034
    782,  -20.1232262,   8.46853638
    783,  -17.2491741,   8.50421238
    784,  -14.3745852,   8.54330635
    785,  -11.4997692,   8.58391762
    786,  -8.62486076,   8.62517738
    787,  -5.74991798,   8.66670418
    788,   -2.8749609,   8.70833683
    789,  -31.4067879,   11.3437462
    790,  -28.5783939,    11.259243
    791,  -25.7344742,   11.2386427
    792,  -22.8817844,   11.2555056
    793,  -20.0245762,   11.2924824
    794,  -17.1652031,   11.3395367
    795,  -14.3048496,   11.3913679
    796,  -11.4440746,   11.4453621
    797,  -8.58312416,   11.5002995
    798,  -5.72210312,   11.5556335
    799,  -2.86105537,   11.6111269
    800,  -31.2156525,   14.1793489
    801,  -28.4197865,   14.0759134
    802,  -25.5998611,   14.0503292
    803,  -22.7661781,   14.0708981
    804,  -19.9253159,   14.1165562
    805,  -17.0809593,   14.1749592
    806,  -14.2349977,   14.2394924
    807,  -11.3883305,   14.3068428
    808,  -8.54136658,   14.3754396
    809,  -5.69428062,   14.4445705
    810,  -2.84714699,   14.5139198
    811,  -31.0126648,   17.0105648
    812,  -28.2549706,   16.8906174
    813,  -25.4621391,   16.8612366
    814,  -22.6490803,   16.8860321
    815,  -19.8253632,   16.9405727
    816,  -16.9964066,   17.0103893
    817,  -14.1650085,    17.087635
    818,  -11.3325291,   17.1683369
    819,   -8.4995842,   17.2505894
    820,  -5.66644764,   17.3335133
    821,  -2.83323479,   17.4167156
    822,  -30.7963829,   19.8336372
    823,  -28.0838146,   19.7007179
    824,  -25.3220882,   19.6694393
    825,  -22.5317383,   19.6994915
    826,  -19.7261314,   19.7635002
    827,  -16.9129391,   19.8450813
    828,  -14.0961733,   19.9352798
    829,  -11.2777958,   20.0295067
    830,  -8.45871735,   20.1255417
    831,   -5.6393404,   20.2223511
    832,  -2.81984425,   20.3194656
    833,  -30.5679493,   22.6324844
    834,  -27.9126434,   22.4929523
    835,  -25.1890411,   22.4646721
    836,  -22.4245567,   22.5035839
    837,  -19.6378899,   22.5796967
    838,  -16.8400383,    22.675024
    839,  -14.0368414,   22.7796936
    840,  -11.2311783,   22.8886108
    841,  -8.42440033,   22.9992981
    842,  -5.61713028,   23.1105843
    843,  -2.80933332,   23.2219582
    844,  -30.3431664,   25.3572273
    845,  -27.7690773,    25.227932
    846,   -25.095686,   25.2178631
    847,  -22.3604336,     25.27738
    848,  -19.5912476,   25.3743248
    849,  -16.8048992,   25.4899693
    850,   -14.010252,   25.6141205
    851,  -11.2116566,   25.7415161
    852,  -8.41118622,   25.8695698
    853,   -5.6096487,   25.9970894
    854,  -2.80658102,   26.1237373
    855,  -30.1643677,   27.9113693
    856,  -27.7123661,   27.8367195
    857,  -25.1045074,   27.8817081
    858,  -22.3978767,   27.9882736
    859,  -19.6379623,   28.1248722
    860,  -16.8518543,   28.2746925
    861,  -14.0531588,   28.4287491
    862,  -11.2482939,   28.5823441
    863,  -8.44026852,   28.7331715
    864,  -5.63023329,   28.8803692
    865,  -2.81766486,   29.0242729
    866,  -30.1027374,   30.1651249
    867,  -27.8266258,   30.2437401
    868,  -25.2935257,   30.4104328
    869,  -22.6033669,   30.6063538
    870,  -19.8328247,   30.8108177
    871,  -17.0255013,   31.0152168
    872,  -14.2012053,   31.2145309
    873,  -11.3682976,   31.4057102
    874,  -8.53062725,   31.5873241
    875,  -5.69007063,    31.759367
    876,  -2.84709239,   31.9234371
    877,  -2.96727514,   37.7228889
    878,  -3.08189774,   40.6158066
    879,  -3.21356344,   43.5067444
    880,   -3.3544898,   46.3966141
    881,  -3.50002003,   49.2859573
    882,  -3.64768505,   52.1750565
    883,  -3.79628539,   55.0640602
    884,  -3.94530225,   57.9533997
    885,  -4.09486485,   60.8470078
    886,   -4.2466917,   63.7609787
    887,  -4.40538788,   66.7353668
    888,  -5.93871689,   37.5113487
    889,   -6.1647892,   40.3713112
    890,  -6.42437649,    43.226223
    891,  -6.70282364,   46.0783234
    892,    -6.990973,   48.9290085
    893,  -7.28377533,   51.7790298
    894,  -7.57868481,   54.6287613
    895,  -7.87458849,    57.479248
    896,  -8.17187977,   60.3380241
    897,  -8.47432709,   63.2321968
    898,  -8.79126072,   66.2213135
    899,   -8.9087162,   37.2737961
    900,  -9.24308395,    40.087429
    901,  -9.62662983,   42.8913612
    902,  -10.0385084,   45.6898041
    903,  -10.4653215,   48.4854431
    904,  -10.8994751,   51.2797356
    905,  -11.3370428,   54.0734253
    906,  -11.7762899,   56.8681259
    907,  -12.2179527,   59.6737404
    908,  -12.6680088,   62.5232773
    909,  -13.1405277,    65.484314
    910,  -11.8732443,   37.0054321
    911,  -12.3119745,   39.7569122
    912,  -12.8147354,    42.492157
    913,  -13.3549709,   45.2181396
    914,  -13.9153032,   47.9392929
    915,  -14.4856958,   50.6581116
    916,  -15.0608559,   53.3758621
    917,  -15.6384382,   56.0946503
    918,  -16.2195663,   58.8256836
    919,  -16.8124809,   61.6046371
    920,  -17.4359684,   64.5018539
    921,    -14.82899,    36.704071
    922,  -15.3671627,   39.3762894
    923,  -15.9833412,   42.0237617
    924,  -16.6456833,   44.6569595
    925,  -17.3330879,   47.2826462
    926,  -18.0332146,   49.9046516
    927,  -18.7394543,   52.5249481
    928,  -19.4488754,   55.1461105
    929,  -20.1630135,   57.7799759
    930,  -20.8923798,   60.4631119
    931,  -21.6604118,   63.2661896
    932,  -17.7727966,   36.3692818
    933,  -18.4045944,   38.9445419
    934,  -19.1272831,    41.484581
    935,  -19.9042206,   44.0041199
    936,  -20.7108974,    46.512764
    937,  -21.5328255,   49.0160103
    938,  -22.3621674,   51.5167274
    939,  -23.1954384,   54.0179634
    940,  -24.0346012,   56.5318527
    941,  -24.8924141,    59.094902
    942,  -25.7968788,   61.7768898
    943,  -20.6997852,   36.0008087
    944,  -21.4181824,   38.4603119
    945,  -22.2390556,   40.8726349
    946,  -23.1217003,   43.2574158
    947,   -24.038538,   45.6274719
    948,  -24.9730816,   47.9901772
    949,   -25.916317,   50.3494072
    950,  -26.8642216,   52.7087097
    951,  -27.8191814,   55.0803223
    952,  -28.7961578,   57.5001793
    953,  -29.8276005,   60.0364571
    954,  -23.5897827,   35.5916138
    955,  -24.3850708,   37.9113312
    956,  -25.2944984,   40.1730919
    957,    -26.27355,   42.4016304
    958,  -27.2915096,    44.612545
    959,  -28.3297844,   46.8146515
    960,   -29.378109,   49.0125656
    961,   -30.431881,   51.2101707
    962,  -31.4938736,   53.4196243
    963,  -32.5811806,   55.6759567
    964,  -33.7319717,   58.0466614
    965,  -26.3761292,   35.1131592
    966,  -27.2374516,   37.2556229
    967,  -28.2288589,   39.3387527
    968,  -29.2994423,    41.390152
    969,  -30.4142036,   43.4252052
    970,  -31.5520535,    45.452095
    971,   -32.701355,   47.4750366
    972,  -33.8569031,   49.4976997
    973,  -35.0218544,   51.5318489
    974,  -36.2170906,   53.6130257
    975,  -37.4865036,   55.8076973
    976,  -28.9262924,   34.5081253
    977,  -29.8534775,    36.415329
    978,  -30.9342117,   38.2874718
    979,  -32.1042252,   40.1453552
    980,  -33.3227234,   41.9964371
    981,  -34.5662613,   43.8438492
    982,  -35.8222122,   45.6892471
    983,   -37.085083,   47.5351791
    984,  -38.3600006,   49.3940048
    985,  -39.6716843,    51.301384
    986,  -41.0679855,   53.3208313
    987,  -31.0631027,   33.7015152
    988,  -32.0931892,   35.2968292
    989,  -33.2977867,   36.9297752
    990,  -34.5938339,   38.5888405
    991,  -35.9370346,   40.2604752
    992,  -37.3042336,   41.9368744
    993,   -38.683548,    43.614872
    994,  -40.0709381,   45.2958603
    995,  -41.4741859,   46.9926186
    996,  -42.9201279,   48.7388153
    997,  -44.4576874,   50.5921211
    998,    44.300808,  -44.3038521
    999,    55.489563,  -2.54587674
   1000,   55.5211945,  -5.09747601
   1001,   55.4903755,   -7.6499958
   1002,   55.3824196,  -10.1999559
   1003,   55.1897888,  -12.7439442
   1004,   54.9094162,  -15.2784863
   1005,   54.5398636,  -17.8000298
   1006,   54.0801544,  -20.3049164
   1007,   53.5294075,  -22.7893333
   1008,   52.8868408,  -25.2493134
   1009,    52.151825,  -27.6807098
   1010,   51.3239212,  -30.0791759
   1011,   50.4029999,  -32.4401474
   1012,   49.3895378,  -34.7586746
   1013,   48.2859421,  -37.0295334
   1014,   47.1171951,  -39.2331619
   1015,   45.9672699,   -41.301445
   1016,   44.9818077,  -43.0938148
   1017,   44.9761353,  -44.9366035
   1018,   45.9350586,  -45.8671913
   1019,   47.0351562,   -46.976265
   1020,   48.2259827,  -48.1932755
   1021,   2.54484987,  -55.4905281
   1022,   5.09553719,   -55.522171
   1023,   7.64725447,  -55.4907646
   1024,   10.1964693,   -55.382103
   1025,   12.7397308,  -55.1888084
   1026,   15.2735443,  -54.9077606
   1027,   17.7943459,  -54.5375137
   1028,   20.2984657,  -54.0771065
   1029,    22.782093,  -53.5256958
   1030,   25.2412453,  -52.8825531
   1031,   27.6717529,  -52.1471748
   1032,   30.0692177,  -51.3194351
   1033,   32.4289322,  -50.4000473
   1034,   34.7456245,  -49.3914719
   1035,   37.0133095,  -48.3009644
   1036,   39.2130051,  -47.1544418
   1037,   41.2806778,  -46.0193939
   1038,   43.0807571,  -45.0170403
   1039,   50.1349602,  -46.1800919
   1040,   51.9450264,   -44.065361
   1041,   53.6589584,  -41.8650169
   1042,   55.2766342,  -39.5894318
   1043,   56.7966728,  -37.2458954
   1044,   58.2172318,  -34.8400955
   1045,   59.5364342,  -32.3769646
   1046,   60.7524872,   -29.861145
   1047,   61.8637619,  -27.2971706
   1048,   62.8687935,  -24.6895466
   1049,   63.7663078,   -22.042778
   1050,   64.5552063,  -19.3613815
   1051,   65.2345581,  -16.6498775
   1052,   65.8034668,  -13.9127884
   1053,   66.2611389,  -11.1546402
   1054,   66.6076431,   -8.3799572
   1055,   66.8475037,  -5.59321928
   1056,   66.9954834,  -2.79876542
   1057,   48.8224869,  -45.0355453
   1058,   50.5108223,  -42.9805107
   1059,   52.1073799,  -40.8276634
   1060,     53.61129,  -38.5942116
   1061,   55.0198555,  -36.2923813
   1062,   56.3307037,  -33.9304924
   1063,   57.5420113,  -31.5147038
   1064,   58.6523514,  -29.0501976
   1065,    59.660614,  -26.5417213
   1066,   60.5658951,  -23.9938278
   1067,   61.3675194,  -21.4109764
   1068,   62.0649643,  -18.7975578
   1069,   62.6577988,  -16.1579113
   1070,    63.145546,  -13.4963255
   1071,    63.527729,  -10.8170481
   1072,   63.8055458,  -8.12427711
   1073,   63.9873314,  -5.42207956
   1074,   64.0953674,  -2.71358013
   1075,   47.5439377,  -44.0534096
   1076,   49.0694466,  -42.0836563
   1077,   50.5288506,  -39.9833374
   1078,   51.9132423,  -37.7866364
   1079,   53.2108383,  -35.5173721
   1080,   54.4149857,  -33.1888924
   1081,   55.5224457,  -30.8093643
   1082,   56.5316086,  -28.3847275
   1083,   57.4416428,  -25.9199982
   1084,   58.2521019,   -23.419796
   1085,   58.9628067,  -20.8885193
   1086,   59.5737419,  -18.3304386
   1087,    60.084919,  -15.7497158
   1088,   60.4962387,  -13.1504173
   1089,   60.8077049,  -10.5365391
   1090,   61.0216255,   -7.9119978
   1091,   61.1488419,  -5.28022766
   1092,   61.2130699,  -2.64312267
   1093,   46.2811356,  -43.3719254
   1094,   47.5660439,  -41.5211487
   1095,   48.8582916,  -39.4702187
   1096,   50.1181259,  -37.2940445
   1097,    51.309021,   -35.038002
   1098,   52.4130669,  -32.7236252
   1099,   53.4240875,  -30.3610516
   1100,   54.3399353,  -27.9567566
   1101,   55.1599197,  -25.5158806
   1102,   55.8839455,  -23.0430222
   1103,   56.5122337,  -20.5424957
   1104,   57.0451508,  -18.0184364
   1105,   57.4831009,  -15.4748344
   1106,   57.8264961,   -12.915554
   1107,   58.0761223,  -10.3443737
   1108,   58.2356377,   -7.7649312
   1109,    58.315937,  -5.18032932
   1110,   58.3379745,  -2.59233212
   1111,   52.6006126,  -2.55445242
   1112,   49.7000656,  -2.58827996
   1113,   46.7925262,  -2.63374925
   1114,   43.8804054,  -2.68231964
   1115,   40.9649582,  -2.72947836
   1116,   38.0468674,  -2.77310085
   1117,   35.1265564,  -2.81227779
   1118,   32.2043457,  -2.84665871
   1119,   29.2805099,  -2.87613726
   1120,   26.3552876,  -2.90070868
   1121,   23.4289055,   -2.9204154
   1122,   20.5015774,  -2.93532109
   1123,   17.5735035,  -2.94549155
   1124,   14.6448708,  -2.95097256
   1125,   11.7158585,   -2.9517858
   1126,   8.78664112,  -2.94801044
   1127,   5.85741186,   -2.9400413
   1128,    2.9284308,  -2.92897797
   1129,   52.6589699,  -5.11524391
   1130,   49.7766342,   -5.1807785
   1131,   46.8808899,  -5.26956749
   1132,   43.9759369,  -5.36525154
   1133,   41.0642052,  -5.45874405
   1134,   38.1470909,  -5.54556847
   1135,    35.225502,  -5.62372065
   1136,   32.3000908,  -5.69238853
   1137,   29.3714123,  -5.75129986
   1138,   26.4399586,  -5.80041981
   1139,   23.5061817,  -5.83982086
   1140,    20.570509,  -5.86962414
   1141,   17.6333389,  -5.88995457
   1142,   14.6950531,  -5.90089989
   1143,   11.7560043,   -5.9025116
   1144,   8.81654263,  -5.89498711
   1145,   5.87705708,     -5.87921
   1146,   2.93803024,  -5.85744953
   1147,   52.6572151,  -7.67803192
   1148,   49.7963905,  -7.77480793
   1149,   46.9159889,  -7.90605021
   1150,   44.0217361,  -8.04812431
   1151,   41.1171684,  -8.18749237
   1152,   38.2044296,  -8.31727409
   1153,   35.2849197,  -8.43429184
   1154,   32.3596458,  -8.53720951
   1155,   29.4294586,  -8.62555313
   1156,   26.4950981,  -8.69923973
   1157,   23.5572491,  -8.75836182
   1158,   20.6165504,  -8.80309105
   1159,   17.6736069,  -8.83361149
   1160,    14.728981,  -8.85004807
   1161,   11.7832108,  -8.85248661
   1162,    8.8368187,  -8.84126568
   1163,   5.89037085,  -8.81780815
   1164,   2.94452715,  -8.78559017
   1165,   52.5834732,  -10.2393436
   1166,   49.7486877,  -10.3676109
   1167,   46.8879089,  -10.5411701
   1168,   44.0084991,  -10.7294369
   1169,   41.1151581,  -10.9145508
   1170,   38.2107964,  -11.0872517
   1171,   35.2973328,   -11.243165
   1172,   32.3761597,  -11.3804054
   1173,   29.4484119,  -11.4982805
   1174,   26.5150909,  -11.5966434
   1175,   23.5771141,   -11.675602
   1176,   20.6353321,  -11.7353783
   1177,   17.6905518,  -11.7762089
   1178,   14.7435284,  -11.7982559
   1179,   11.7949772,  -11.8016386
   1180,   8.84559155,  -11.7868538
   1181,   5.89609337,   -11.755887
   1182,   2.94728351,  -11.7134418
   1183,   52.4310608,  -12.7959261
   1184,   49.6273994,  -12.9563351
   1185,   46.7909355,  -13.1725178
   1186,   43.9308624,  -13.4071484
   1187,   41.0531425,  -13.6381588
   1188,   38.1615143,  -13.8539495
   1189,   35.2584229,  -14.0489559
   1190,   32.3456535,  -14.2207384
   1191,   29.4246464,  -14.3683758
   1192,   26.4966621,  -14.4916553
   1193,   23.5628529,  -14.5906944
   1194,   20.6242867,  -14.6657619
   1195,   17.6819687,  -14.7171478
   1196,   14.7368422,  -14.7450504
   1197,   11.7898045,  -14.7496252
   1198,   8.84171391,  -14.7315292
   1199,   5.89343929,  -14.6933241
   1200,   2.94589138,   -14.640954
   1201,   52.1965675,  -15.3445244
   1202,   49.4291458,  -15.5380135
   1203,   46.6218109,  -15.7974339
   1204,   43.7857399,  -16.0788784
   1205,   40.9282303,  -16.3561745
   1206,   38.0538712,  -16.6154289
   1207,   35.1656723,   -16.849905
   1208,   32.2658157,  -17.0566139
   1209,   29.3560524,  -17.2344036
   1210,   26.4379063,  -17.3829918
   1211,   23.5127621,  -17.5025082
   1212,   20.5819073,  -17.5932655
   1213,   17.6465473,  -17.6556053
   1214,   14.7078152,  -17.6897621
   1215,   11.7667885,  -17.6959267
   1216,   8.82448864,  -17.6749191
   1217,   5.88192081,  -17.6298866
   1218,   2.94009161,  -17.5680199
   1219,   51.8780823,  -17.8818035
   1220,    49.151886,  -18.1095448
   1221,   46.3785172,  -18.4130573
   1222,   43.5711861,  -18.7420025
   1223,   40.7385712,  -19.0661888
   1224,   37.8861389,   -19.369482
   1225,   35.0174713,  -19.6439934
   1226,   32.1351624,  -19.8861923
   1227,    29.241272,  -20.0947018
   1228,   26.3375912,   -20.269165
   1229,   23.4257412,  -20.4097271
   1230,   20.5072231,  -20.5167389
   1231,   17.5834465,  -20.5905991
   1232,    14.655736,  -20.6315784
   1233,   11.7253447,   -20.639904
   1234,   8.79346085,  -20.6165543
   1235,   5.86121941,  -20.5652676
   1236,   2.92971468,  -20.4944839
   1237,   51.4742851,  -20.4042969
   1238,   48.7941551,  -20.6676712
   1239,   46.0595589,  -21.0163498
   1240,   43.2857513,  -21.3936996
   1241,   40.4827843,  -21.7655907
   1242,   37.6570206,  -22.1136971
   1243,   34.8126221,  -22.4290047
   1244,   31.9525871,  -22.7074509
   1245,   29.0792961,  -22.9474335
   1246,   26.1948051,  -23.1485252
   1247,    23.300972,  -23.3108826
   1248,   20.3995171,   -23.434906
   1249,   17.4920464,  -23.5210419
   1250,   14.5800791,  -23.5695953
   1251,   11.6650467,  -23.5808334
   1252,   8.74830151,  -23.5559006
   1253,   5.83110714,   -23.499115
   1254,   2.91463995,  -23.4201813
   1255,    50.984066,  -22.9083786
   1256,   48.3547401,   -23.208971
   1257,   45.6637192,  -23.6040993
   1258,   42.9282455,  -24.0309639
   1259,   40.1597443,  -24.4515877
   1260,   37.3654594,  -24.8454914
   1261,   34.5501404,  -25.2025585
   1262,    31.717186,  -25.5182076
   1263,   28.8693008,  -25.7906132
   1264,   26.0088043,  -26.0192909
   1265,   23.1377926,  -26.2043991
   1266,   20.2582016,   -26.346384
   1267,   17.3718433,  -26.4457474
   1268,   14.4804239,  -26.5028305
   1269,   11.5855541,  -26.5179348
   1270,   8.68875122,  -26.4923668
   1271,   5.79140711,  -26.4310379
   1272,   2.89477587,  -26.3449116
   1273,   50.4064789,  -25.3902607
   1274,   47.8326187,  -25.7298489
   1275,    45.189949,  -26.1729164
   1276,   42.4976501,  -26.6506252
   1277,   39.7684784,  -27.1212196
   1278,   37.0105476,  -27.5621185
   1279,   34.2291756,  -27.9621258
   1280,   31.4281807,   -28.316143
   1281,   28.6105747,  -28.6221409
   1282,   25.7789497,  -28.8795662
   1283,   22.9356327,  -29.0885849
   1284,   20.0827808,  -29.2496986
   1285,   17.2224083,  -29.3634529
   1286,    14.356411,  -29.4302311
   1287,   11.4865789,  -29.4503651
   1288,    8.6145916,  -29.4253273
   1289,   5.74197054,  -29.3606186
   1290,   2.87004638,  -29.2684669
   1291,   49.7407036,  -27.8459663
   1292,   47.2268906,  -28.2265282
   1293,   44.6373444,  -28.7192364
   1294,   41.9930801,  -29.2493286
   1295,   39.3081436,  -29.7713585
   1296,   36.5914917,  -30.2606716
   1297,    33.848999,   -30.705019
   1298,   31.0848961,  -31.0988026
   1299,   28.3025074,  -31.4397812
   1300,   25.5046864,  -31.7273407
   1301,   22.6940002,  -31.9616623
   1302,   19.8728237,  -32.1432915
   1303,   17.0433731,  -32.2728271
   1304,   14.2077322,  -32.3506851
   1305,   11.3678722,  -32.3772316
   1306,   8.52563667,  -32.3541107
   1307,    5.6826725,  -32.2874146
   1308,    2.8403883,  -32.1906281
   1309,   48.9860992,   -30.271328
   1310,   46.5368385,   -30.695034
   1311,   44.0051498,  -31.2392998
   1312,   41.4138031,  -31.8235512
   1313,    38.778038,  -32.3987083
   1314,   36.1076279,  -32.9380951
   1315,   33.4090004,   -33.428421
   1316,   30.6867714,  -33.8635979
   1317,   27.9445839,  -34.2411804
   1318,   25.1855545,  -34.5605011
   1319,   22.4124851,  -34.8217468
   1320,   19.6279697,  -35.0255127
   1321,   16.8344269,   -35.172451
   1322,   14.0341301,  -35.2630081
   1323,   11.2292299,  -35.2975998
   1324,   8.42173195,  -35.2780151
   1325,    5.6134119,  -35.2109528
   1326,    2.8057518,  -35.1111603
   1327,   48.1423378,   -32.662014
   1328,   45.7620125,  -33.1312637
   1329,   43.2929001,  -33.7292404
   1330,   40.7593384,  -34.3696594
   1331,   38.1777039,  -34.9998779
   1332,   35.5585327,  -35.5912323
   1333,   32.9087753,  -36.1294136
   1334,   30.2334366,  -36.6078568
   1335,   27.5364704,  -37.0239105
   1336,   24.8212509,  -37.3768578
   1337,   22.0908203,  -37.6669006
   1338,   19.3479881,  -37.8946686
   1339,   16.5953751,  -38.0608749
   1340,   13.8354435,  -38.1660004
   1341,   11.0705242,   -38.210495
   1342,   8.30278397,  -38.1963196
   1343,   5.53412771,  -38.1307564
   1344,   2.76610851,  -38.0298195
   1345,   47.2095337,  -35.0134888
   1346,   44.9023743,  -35.5309868
   1347,   42.5004807,  -36.1850739
   1348,   40.0295486,  -36.8839149
   1349,   37.5069962,  -37.5713768
   1350,   34.9440613,  -38.2168503
   1351,   32.3481941,  -38.8050156
   1352,   29.7247734,  -39.3288422
   1353,   27.0780563,  -39.7854919
   1354,   24.4116783,  -40.1741791
   1355,     21.72892,  -40.4951248
   1356,   19.0328026,   -40.749012
   1357,   16.3261509,  -40.9365997
   1358,   13.6116152,  -41.0584106
   1359,   10.8917084,  -41.1149216
   1360,   8.16875935,  -41.1082687
   1361,   5.44479799,  -41.0463219
   1362,   2.72144437,  -40.9463577
   1363,   46.1925201,  -37.3205719
   1364,    43.965004,  -37.8881149
   1365,   41.6360931,  -38.6000824
   1366,   39.2329407,  -39.3594131
   1367,   36.7742653,  -40.1064224
   1368,   34.2721939,  -40.8084488
   1369,    31.734787,  -41.4491119
   1370,   29.1678276,  -42.0208702
   1371,   26.5758781,  -42.5206795
   1372,   23.9628487,  -42.9476852
   1373,   21.3322544,   -43.302124
   1374,   18.6873322,  -43.5847244
   1375,   16.0311031,  -43.7962914
   1376,   13.3664169,  -43.9373817
   1377,   10.6959581,  -44.0085068
   1378,   8.02222347,  -44.0119591
   1379,   5.34736776,  -43.9562149
   1380,   2.67308974,   -43.859848
   1381,    45.131237,  -39.5599213
   1382,   42.9983215,  -40.1781693
   1383,   40.7504425,  -40.9505157
   1384,    38.419342,  -41.7737465
   1385,   36.0271606,  -42.5840073
   1386,   33.5879326,  -43.3463783
   1387,   31.1106873,  -44.0433731
   1388,   28.6017475,  -44.6669617
   1389,   26.0660362,  -45.2138824
   1390,   23.5077362,  -45.6832199
   1391,   20.9305897,  -46.0752029
   1392,   18.3380547,  -46.3905792
   1393,   15.7333546,  -46.6301956
   1394,   13.1195259,  -46.7946014
   1395,   10.4994421,   -46.884346
   1396,   7.87577438,  -46.9019585
   1397,   5.25083876,  -46.8566132
   1398,   2.62584472,  -46.7686005
   1399,   44.1435814,  -41.6627312
   1400,   42.1303558,  -42.3406448
   1401,   39.9701233,  -43.1841621
   1402,   37.7091599,  -44.0813446
   1403,   35.3788872,  -44.9634018
   1404,   32.9971085,  -45.7935791
   1405,   30.5743313,  -46.5538673
   1406,   28.1175079,  -47.2360916
   1407,   25.6319046,   -47.836956
   1408,   23.1219559,  -48.3555298
   1409,   20.5916271,  -48.7920265
   1410,   18.0445786,  -49.1471748
   1411,   15.4842339,  -49.4217834
   1412,   12.9138327,  -49.6164093
   1413,   10.3364582,  -49.7317657
   1414,   7.75500679,  -49.7708321
   1415,   5.17177725,   -49.743866
   1416,   2.58743382,  -49.6715546
   1417,   43.4147491,  -43.5201759
   1418,   41.5429764,  -44.2949562
   1419,   39.4636459,  -45.2389145
   1420,   37.2572479,  -46.2317238
   1421,   34.9720802,  -47.2017593
   1422,   32.6317062,  -48.1123581
   1423,   30.2476807,  -48.9468231
   1424,   27.8272018,  -49.6979256
   1425,   25.3756523,  -50.3628349
   1426,   22.8976097,  -50.9407768
   1427,   20.3971977,  -51.4319572
   1428,   17.8782654,  -51.8370361
   1429,   15.3444386,  -52.1567574
   1430,   12.7991772,  -52.3918381
   1431,   10.2458086,   -52.543457
   1432,   7.68747091,  -52.6154518
   1433,   5.12672472,  -52.6179771
   1434,    2.5647521,   -52.570015
   1435,   2.57856512,  -58.3694534
   1436,   2.63972855,  -61.2384109
   1437,   2.71646357,  -64.1078491
   1438,   2.80182552,  -66.9965515
   1439,   5.16262531,  -58.3568344
   1440,   5.28190422,  -61.1745071
   1441,   5.43229818,  -63.9923172
   1442,   5.60066462,  -66.8394318
   1443,    7.7468605,  -58.2751732
   1444,   7.92191601,  -61.0364189
   1445,   8.14325905,   -63.795929
   1446,   8.39206886,  -66.5884094
   1447,    10.327013,  -58.1116219
   1448,   10.5554695,  -60.8112259
   1449,   10.8450279,  -63.5058098
   1450,   11.1714802,  -66.2335815
   1451,   12.8991871,  -57.8591995
   1452,   13.1784468,  -60.4920502
   1453,   13.5332909,  -63.1156044
   1454,   13.9343224,   -65.770813
   1455,   15.4595728,  -57.5144958
   1456,   15.7867823,  -60.0755463
   1457,    16.203743,  -62.6224289
   1458,   16.6760216,  -65.1985474
   1459,   18.0043468,  -57.0758553
   1460,   18.3764076,  -59.5601616
   1461,   18.8520737,  -62.0251656
   1462,   19.3920174,  -64.5165482
   1463,   20.5296078,   -56.542347
   1464,    20.943203,  -58.9452209
   1465,   21.4739532,  -61.3235626
   1466,   22.0777645,  -63.7252235
   1467,    23.031353,  -55.9133568
   1468,   23.4829865,  -58.2304688
   1469,   24.0650215,  -60.5178528
   1470,   24.7287331,  -62.8253822
   1471,   25.5054512,  -55.1884766
   1472,   25.9914913,  -57.4159126
   1473,   26.6208878,  -59.6085281
   1474,   27.3404045,  -61.8181152
   1475,   27.9476318,  -54.3674698
   1476,   28.4643593,  -56.5017548
   1477,   29.1371193,  -58.5963173
   1478,   29.9082813,  -60.7046928
   1479,   30.3534679,  -53.4503975
   1480,   30.8971462,  -55.4884262
   1481,   31.6092625,  -57.4821587
   1482,   32.4278984,  -59.4866333
   1483,   32.7183838,  -52.4378052
   1484,    33.285347,  -54.3767357
   1485,    34.032856,  -56.2672844
   1486,   34.8948326,  -58.1656685
   1487,   35.0375519,   -51.331192
   1488,   35.6243515,  -53.1680222
   1489,   36.4034233,  -54.9532623
   1490,   37.3046951,  -56.7437668
   1491,   37.3060608,  -50.1345215
   1492,   37.9091835,  -51.8643913
   1493,    38.715786,  -53.5414963
   1494,   39.6523438,  -55.2223969
   1495,   39.5056229,   -48.863739
   1496,   40.1244659,  -50.4726334
   1497,    40.957695,   -52.033844
   1498,   41.9295311,  -53.6032867
   1499,   41.5825653,  -47.5556068
   1500,   42.2329941,  -49.0065575
   1501,   43.1067009,  -50.4351578
   1502,   44.1243019,  -51.8894539
   1503,   43.4468536,  -46.2552299
   1504,   44.1844559,   -47.478035
   1505,   45.1365852,  -48.7482376
   1506,    46.224144,  -50.0829086
   1507,   31.7505436,   31.8067627
   1508,   34.8267746,   2.88063288
   1509,   34.6434555,   5.76557159
   1510,   34.4451027,   8.65025711
   1511,   34.2289276,   11.5319872
   1512,   33.9938622,   14.4084435
   1513,   33.7401085,   17.2769985
   1514,   33.4686432,   20.1331234
   1515,   33.1773758,   22.9596367
   1516,    32.853981,   25.6983681
   1517,   32.4780159,   28.2228794
   1518,   32.0491104,   30.3302631
   1519,   30.2548618,   32.0619278
   1520,   28.1024971,   32.3971443
   1521,   25.5973949,   32.7456398
   1522,   22.9050064,   33.0821381
   1523,   20.1185627,   33.3957558
   1524,   17.2858124,   33.6843605
   1525,   14.4290447,   33.9491959
   1526,   11.5585423,   34.1916428
   1527,   8.67905807,   34.4133148
   1528,   5.79259968,   34.6176147
   1529,   2.89978814,   34.8105011
   1530,   47.7318726,   47.7392235
   1531,   46.0844994,   46.0958939
   1532,   44.5071449,   44.5193481
   1533,   42.9641724,   42.9757271
   1534,   41.4352264,   41.4464645
   1535,   39.9110031,   39.9239235
   1536,   38.3870926,   38.4065018
   1537,    36.862175,   36.8967361
   1538,   35.3501663,   35.4066544
   1539,   33.8992386,   33.9706154
   1540,   32.6037979,   32.6698875
   1541,   2.84151459,    31.919754
   1542,   2.81544638,   29.0228062
   1543,   2.80890346,    26.122776
   1544,   2.81304073,    23.221241
   1545,   2.82253885,    20.319006
   1546,   2.83454752,   17.4164581
   1547,   2.84766722,   14.5137777
   1548,   2.86125636,   11.6110449
   1549,   2.87503624,   8.70829105
   1550,    2.8888917,   5.80552959
   1551,   2.90277529,   2.90276527
   1552,   5.68490505,   31.7523518
   1553,   5.63428831,   28.8764725
   1554,   5.62050676,   25.9942188
   1555,   5.62777138,   23.1084995
   1556,   5.64600468,   20.2210484
   1557,   5.66956043,   17.3327866
   1558,   5.69555283,    14.444169
   1559,   5.72261047,   11.5554018
   1560,   5.75011444,   8.66657352
   1561,   5.77780056,   5.77772236
   1562,   5.80555725,   2.88886261
   1563,   8.52664566,   31.5782661
   1564,   8.45358658,   28.7264805
   1565,   8.43305683,   25.8637886
   1566,   8.44330215,    22.994854
   1567,   8.46999359,   20.1226749
   1568,   8.50487137,   17.2489319
   1569,   8.54359436,   14.3744831
   1570,   8.58403969,   11.4997272
   1571,   8.62522793,   8.62484455
   1572,   8.66672516,   5.74991083
   1573,   8.70834446,   2.87495804
   1574,   11.3651628,   31.3947449
   1575,   11.2718115,   28.5715847
   1576,   11.2454834,    25.730917
   1577,   11.2590065,   22.8800411
   1578,   11.2941837,   20.0237637
   1579,   11.3403282,   17.1648407
   1580,   11.3917236,   14.3046951
   1581,   11.4455166,   11.4440098
   1582,   11.5003643,   8.58309746
   1583,   11.5556602,   5.72209215
   1584,   11.6111364,   2.86105108
   1585,    14.198946,   31.1999626
   1586,   14.0878506,   28.4108505
   1587,   14.0570459,   25.5951462
   1588,   14.0744419,   22.7638397
   1589,   14.1183281,   19.9242134
   1590,    14.175807,   17.0804596
   1591,   14.2398825,   14.2347794
   1592,   14.3070164,   11.3882389
   1593,    14.375515,   8.54132843
   1594,    14.444602,   5.69426489
   1595,   14.5139322,   2.84714127
   1596,    17.025238,   30.9928379
   1597,   16.9001579,   28.2436676
   1598,   16.8669014,   25.4561539
   1599,   16.8891602,   22.6460934
   1600,   16.9422016,   19.8239441
   1601,   17.0111961,   16.9957581
   1602,   17.0880184,   14.1647234
   1603,   17.1685143,    11.332407
   1604,   17.2506676,   8.49953365
   1605,   17.3335476,   5.66642666
   1606,    17.416729,   2.83322716
   1607,   19.8374939,   30.7728863
   1608,   19.7046013,   28.0704842
   1609,   19.6724052,   25.3150215
   1610,   19.7014236,   22.5281906
   1611,   19.7646294,   19.7244339
   1612,   19.8456936,   16.9121552
   1613,   19.9355907,   14.0958233
   1614,   20.0296574,   11.2776451
   1615,   20.1256142,   8.45865345
   1616,   20.2223835,   5.63931465
   1617,    20.319479,   2.81983471
   1618,   22.6174355,   30.5434322
   1619,   22.4868431,   27.8988247
   1620,   22.4627647,   25.1816864
   1621,   22.5032902,    22.420826
   1622,   22.5798626,    19.636076
   1623,   22.6752377,   16.8391876
   1624,   22.7798443,   14.0364561
   1625,   22.8887005,   11.2310085
   1626,   22.9993439,   8.42432785
   1627,   23.1106071,   5.61710072
   1628,   23.2219677,   2.80932188
   1629,   25.3194733,   30.3218193
   1630,   25.2096786,   27.7568817
   1631,   25.2099094,   25.0890694
   1632,     25.27425,    22.357008
   1633,   25.3732243,   19.5895424
   1634,   25.4896393,    16.804081
   1635,    25.614048,   14.0098734
   1636,   25.7415161,   11.2114868
   1637,   25.8695831,   8.41111183
   1638,   25.9971008,   5.60961723
   1639,    26.123745,   2.80656886
   1640,   27.8578072,   30.1491928
   1641,   27.8090134,   27.7027092
   1642,   27.8687191,   25.0989723
   1643,   27.9827385,   22.3949718
   1644,   28.1226788,   19.6365051
   1645,     28.27388,   16.8511467
   1646,   28.4284687,    14.052824
   1647,   28.5822563,   11.2481403
   1648,   28.7331505,   8.44019985
   1649,   28.8803673,   5.63020325
   1650,   29.0242729,   2.81765318
   1651,   30.1095524,     30.09235
   1652,   30.2117004,   27.8175335
   1653,   30.3947849,   25.2881966
   1654,   30.5997143,   22.6007729
   1655,   30.8082428,   19.8316517
   1656,   31.0142479,   17.0249557
   1657,     31.21418,   14.2009516
   1658,   31.4055901,   11.3681803
   1659,   31.5872879,    8.5305748
   1660,   31.7593555,   5.69004726
   1661,   31.9234333,   2.84708309
   1662,   37.7228889,   2.96727467
   1663,   40.6158066,    3.0818975
   1664,   43.5067444,   3.21356344
   1665,   46.3966141,    3.3544898
   1666,   49.2859573,   3.50002003
   1667,   52.1750565,   3.64768505
   1668,   55.0640602,   3.79628539
   1669,   57.9533997,   3.94530225
   1670,   60.8470078,   4.09486485
   1671,   63.7609787,    4.2466917
   1672,   66.7353668,   4.40538788
   1673,   37.5113487,   5.93871498
   1674,   40.3713112,   6.16478825
   1675,    43.226223,   6.42437649
   1676,   46.0783234,   6.70282364
   1677,   48.9290085,     6.990973
   1678,   51.7790298,   7.28377533
   1679,   54.6287613,   7.57868481
   1680,    57.479248,   7.87458849
   1681,   60.3380241,   8.17187977
   1682,   63.2321968,   8.47432709
   1683,   66.2213135,   8.79126072
   1684,   37.2737923,   8.90871143
   1685,   40.0874252,   9.24308205
   1686,   42.8913574,   9.62662888
   1687,   45.6898041,   10.0385084
   1688,   48.4854431,   10.4653215
   1689,   51.2797356,   10.8994751
   1690,   54.0734253,   11.3370428
   1691,   56.8681259,   11.7762899
   1692,   59.6737404,   12.2179527
   1693,   62.5232773,   12.6680088
   1694,    65.484314,   13.1405277
   1695,   37.0054245,   11.8732319
   1696,   39.7569046,   12.3119688
   1697,    42.492157,   12.8147326
   1698,   45.2181396,   13.3549709
   1699,   47.9392929,   13.9153032
   1700,   50.6581116,   14.4856958
   1701,   53.3758621,   15.0608559
   1702,   56.0946503,   15.6384382
   1703,   58.8256836,   16.2195663
   1704,   61.6046371,   16.8124809
   1705,   64.5018539,   17.4359684
   1706,   36.7040291,   14.8289614
   1707,   39.3762703,   15.3671513
   1708,   42.0237579,   15.9833374
   1709,   44.6569595,   16.6456795
   1710,   47.2826462,    17.333086
   1711,   49.9046516,   18.0332146
   1712,   52.5249481,   18.7394543
   1713,   55.1461105,   19.4488754
   1714,   57.7799759,   20.1630135
   1715,   60.4631119,   20.8923798
   1716,   63.2661896,   21.6604118
   1717,   36.3691483,   17.7727375
   1718,   38.9444885,   18.4045715
   1719,   41.4845581,   19.1272736
   1720,   44.0041122,   19.9042168
   1721,    46.512764,   20.7108955
   1722,   49.0160103,   21.5328255
   1723,   51.5167274,   22.3621674
   1724,   54.0179634,   23.1954384
   1725,   56.5318527,   24.0346012
   1726,    59.094902,   24.8924141
   1727,   61.7768898,   25.7968788
   1728,   36.0002213,    20.699501
   1729,   38.4599266,    21.417942
   1730,   40.8724518,   22.2389336
   1731,   43.2573891,   23.1217003
   1732,   45.6275482,   24.0386238
   1733,   47.9903107,   24.9732189
   1734,   50.3495712,   25.9164791
   1735,   52.7088852,   26.8643932
   1736,   55.0804977,   27.8193588
   1737,   57.5003662,   28.7963428
   1738,   60.0366554,   29.8277988
   1739,   35.5883331,   23.5880013
   1740,   37.9090462,   24.3835945
   1741,   40.1721344,   25.2939034
   1742,   42.4017715,   26.2738228
   1743,   44.6133766,   27.2923813
   1744,   46.8158569,   28.3310013
   1745,   49.0139542,   29.3794994
   1746,   51.2116508,   30.4333572
   1747,   53.4211655,   31.4954128
   1748,   55.6776085,   32.5828285
   1749,   58.0479813,   33.7332878
   1750,   35.1010666,   26.3695507
   1751,   37.2476044,   27.2325478
   1752,   39.3358307,   28.2273102
   1753,    41.391304,   29.3010292
   1754,   43.4288559,   30.4179173
   1755,   45.4570541,   31.5569801
   1756,   47.4806442,   32.7069244
   1757,   49.5036774,   33.8628616
   1758,    51.538269,   35.0282745
   1759,   53.6195183,   36.2235718
   1760,   55.8122978,   37.4910774
   1761,   34.4772987,   28.9094009
   1762,    36.395462,   29.8415699
   1763,   38.2806206,   30.9308434
   1764,   40.1487045,   32.1085129
   1765,   42.0059509,   33.3321724
   1766,   43.8565292,   34.5786896
   1767,   45.7035713,   35.8363609
   1768,   47.5508232,   37.1006622
   1769,   49.4111252,   38.3770752
   1770,    51.318306,   39.6884995
   1771,   53.3323898,    41.079422
   1772,   33.6392555,   31.0268478
   1773,    35.257225,   32.0689011
   1774,   36.9153671,   33.2902832
   1775,   38.5941582,   34.6007767
   1776,   40.2778091,   35.9537697
   1777,     41.96035,   37.3268051
   1778,   43.6419029,   38.7100105
   1779,   45.3264961,   40.1012726
   1780,   47.0271301,   41.5083771
   1781,   48.7735443,   42.9543991
   1782,   50.6166496,   44.4818115
   1783,   44.5386658,   50.6955643
   1784,   41.1243134,   53.4060898
   1785,   37.5204163,   55.8765831
   1786,   33.7525711,   58.1075706
   1787,   29.8421841,   60.0958252
   1788,   25.8082123,    61.836113
   1789,   21.6684647,   63.3225708
   1790,   17.4403667,   64.5499344
   1791,   13.1414108,    65.516861
   1792,   8.78944397,   66.2336426
   1793,   4.40277767,   66.7324905
   1794,    43.024971,    48.877449
   1795,   39.7292252,   51.4000244
   1796,    36.238266,   53.6813622
   1797,   32.5852661,   55.7319908
   1798,   28.7960453,   57.5554581
   1799,   24.8913975,   59.1506729
   1800,   20.8893127,   60.5141907
   1801,    16.806488,   61.6426239
   1802,   12.6592655,   62.5384674
   1803,   8.46428013,   63.2212677
   1804,    4.2386961,    63.737915
   1805,   41.5723763,   47.1267357
   1806,   38.3900414,   49.4652138
   1807,   35.0079117,   51.5621033
   1808,    31.465519,   53.4368057
   1809,    27.792738,   55.0992775
   1810,   24.0122051,   56.5525551
   1811,   20.1422081,   57.7956886
   1812,   16.1988144,    58.827095
   1813,   12.1972847,   59.6517525
   1814,   8.15299702,   60.2931366
   1815,   4.08183575,   60.8013458
   1816,   40.1523705,   45.4116058
   1817,   37.0815163,   47.5687256
   1818,   33.8062592,   49.4839554
   1819,   30.3722897,   51.1852837
   1820,   26.8134575,    52.688961
   1821,   23.1542587,    54.002121
   1822,   19.4133396,    55.126358
   1823,   15.6062012,   56.0617447
   1824,   11.7470398,    56.814621
   1825,   7.84992361,     57.40905
   1826,   3.92932701,    57.893177
   1827,   38.7479095,   43.7137108
   1828,   35.7885361,   45.6915207
   1829,   32.6195374,   47.4267883
   1830,   29.2930508,   48.9562035
   1831,   25.8469696,   50.3023109
   1832,   22.3077164,   51.4763756
   1833,   18.6943455,   52.4825439
   1834,   15.0218296,   53.3224525
   1835,   11.3033009,   54.0030594
   1836,   7.55147934,   54.5472832
   1837,   3.77932167,    54.999012
   1838,   37.3500786,    42.024025
   1839,   34.5028458,   43.8236122
   1840,   31.4401398,   45.3798447
   1841,   28.2208233,   46.7381363
   1842,   24.8869839,   47.9273415
   1843,   21.4670353,   48.9628525
   1844,   17.9804783,   49.8513985
   1845,    14.441782,   50.5961075
   1846,   10.8630238,   51.2041893
   1847,   7.25553799,   51.6965141
   1848,   3.63069701,   52.1116943
   1849,   35.9542732,   40.3383179
   1850,    33.220562,   41.9593201
   1851,   30.2650337,   43.3366432
   1852,    27.153265,   44.5241966
   1853,   23.9316559,   45.5569687
   1854,   20.6307392,   46.4543877
   1855,   17.2705688,   47.2257233
   1856,   13.8651695,   47.8755569
   1857,   10.4255924,    48.411129
   1858,   6.96177483,   48.8508606
   1859,   3.48347044,   49.2276001
   1860,   34.5625763,   38.6538315
   1861,   31.9473076,   40.0920486
   1862,   29.1021461,   41.2887383
   1863,   26.0993176,    42.305603
   1864,   22.9900036,   43.1829529
   1865,   19.8073521,   43.9436646
   1866,   16.5723057,   44.5991974
   1867,   13.2986546,   45.1553802
   1868,   9.99651909,   45.6193466
   1869,    6.6744957,   46.0068283
   1870,    3.3401134,   46.3446808
   1871,   33.2007332,   36.9693604
   1872,   30.7154217,   38.2104568
   1873,   27.9858265,   39.2202377
   1874,   25.0924892,   40.0661774
   1875,   22.0931511,   40.7910843
   1876,   19.0247688,   41.4192657
   1877,   15.9098577,   41.9632339
   1878,   12.7623348,   42.4294853
   1879,   9.59160614,   42.8247299
   1880,   6.40446472,   43.1618118
   1881,   3.20593381,   43.4615974
   1882,    31.936367,   35.2890472
   1883,   29.5959167,   36.2990913
   1884,   26.9829426,   37.1085281
   1885,   24.1929588,    37.783577
   1886,   21.2939777,   38.3626328
   1887,   18.3284683,   38.8670464
   1888,   15.3212051,   39.3080368
   1889,   12.2865372,   39.6916504
   1890,   9.23297882,   40.0236282
   1891,    6.1655798,   40.3137817
   1892,   3.08730698,   40.5773849
   1893,   30.8800774,   33.6228943
   1894,   28.6860542,   34.3394775
   1895,   26.1736946,   34.9294357
   1896,   23.4664345,   35.4363174
   1897,   20.6464691,   35.8810425
   1898,   17.7625504,   36.2753334
   1899,   14.8415298,   36.6260376
   1900,   11.8977776,    36.937355
   1901,   8.93888283,   37.2135239
   1902,   5.96869373,    37.461441
   1903,   2.98894715,   37.6914978