1,  17,  18, 238, 226
  2,  18,  19, 239, 238
  3,  19,  20, 240, 239
  4,  20,  21, 241, 240
  5,  21,  22, 242, 241
  6,  22,  23, 243, 242
  7,  23,  24, 244, 243
  8,  24,  25, 245, 244
  9,  25,  26, 246, 245
 10,  26,  27, 247, 246
 11,  27,  28, 248, 247
 12,  28,   1,  29, 248
 13, 226, 238, 249, 225
 14, 238, 239, 250, 249
 15, 239, 240, 251, 250
 16, 240, 241, 252, 251
 17, 241, 242, 253, 252
 18, 242, 243, 254, 253
 19, 243, 244, 255, 254
 20, 244, 245, 256, 255
 21, 245, 246, 257, 256
 22, 246, 247, 258, 257
 23, 247, 248, 259, 258
 24, 248,  29,  30, 259
 25, 225, 249, 260, 224
 26, 249, 250, 261, 260
 27, 250, 251, 262, 261
 28, 251, 252, 263, 262
 29, 252, 253, 264, 263
 30, 253, 254, 265, 264
 31, 254, 255, 266, 265
 32, 255, 256, 267, 266
 33, 256, 257, 268, 267
 34, 257, 258, 269, 268
 35, 258, 259, 270, 269
 36, 259,  30,  31, 270
 37, 224, 260, 271, 223
 38, 260, 261, 272, 271
 39, 261, 262, 273, 272
 40, 262, 263, 274, 273
 41, 263, 264, 275, 274
 42, 264, 265, 276, 275
 43, 265, 266, 277, 276
 44, 266, 267, 278, 277
 45, 267, 268, 279, 278
 46, 268, 269, 280, 279
 47, 269, 270, 281, 280
 48, 270,  31,  32, 281
 49, 223, 271, 282, 222
 50, 271, 272, 283, 282
 51, 272, 273, 284, 283
 52, 273, 274, 285, 284
 53, 274, 275, 286, 285
 54, 275, 276, 287, 286
 55, 276, 277, 288, 287
 56, 277, 278, 289, 288
 57, 278, 279, 290, 289
 58, 279, 280, 291, 290
 59, 280, 281, 292, 291
 60, 281,  32,  33, 292
 61, 222, 282, 293, 221
 62, 282, 283, 294, 293
 63, 283, 284, 295, 294
 64, 284, 285, 296, 295
 65, 285, 286, 297, 296
 66, 286, 287, 298, 297
 67, 287, 288, 299, 298
 68, 288, 289, 300, 299
 69, 289, 290, 301, 300
 70, 290, 291, 302, 301
 71, 291, 292, 303, 302
 72, 292,  33,  34, 303
 73, 221, 293, 304, 220
 74, 293, 294, 305, 304
 75, 294, 295, 306, 305
 76, 295, 296, 307, 306
 77, 296, 297, 308, 307
 78, 297, 298, 309, 308
 79, 298, 299, 310, 309
 80, 299, 300, 311, 310
 81, 300, 301, 312, 311
 82, 301, 302, 313, 312
 83, 302, 303, 314, 313
 84, 303,  34,  35, 314
 85, 220, 304, 315, 219
 86, 304, 305, 316, 315
 87, 305, 306, 317, 316
 88, 306, 307, 318, 317
 89, 307, 308, 319, 318
 90, 308, 309, 320, 319
 91, 309, 310, 321, 320
 92, 310, 311, 322, 321
 93, 311, 312, 323, 322
 94, 312, 313, 324, 323
 95, 313, 314, 325, 324
 96, 314,  35,  36, 325
 97, 219, 315, 326, 218
 98, 315, 316, 327, 326
 99, 316, 317, 328, 327
100, 317, 318, 329, 328
101, 318, 319, 330, 329
102, 319, 320, 331, 330
103, 320, 321, 332, 331
104, 321, 322, 333, 332
105, 322, 323, 334, 333
106, 323, 324, 335, 334
107, 324, 325, 336, 335
108, 325,  36,  37, 336
109, 218, 326, 337, 217
110, 326, 327, 338, 337
111, 327, 328, 339, 338
112, 328, 329, 340, 339
113, 329, 330, 341, 340
114, 330, 331, 342, 341
115, 331, 332, 343, 342
116, 332, 333, 344, 343
117, 333, 334, 345, 344
118, 334, 335, 346, 345
119, 335, 336, 347, 346
120, 336,  37,  38, 347
121, 217, 337, 348, 216
122, 337, 338, 349, 348
123, 338, 339, 350, 349
124, 339, 340, 351, 350
125, 340, 341, 352, 351
126, 341, 342, 353, 352
127, 342, 343, 354, 353
128, 343, 344, 355, 354
129, 344, 345, 356, 355
130, 345, 346, 357, 356
131, 346, 347, 358, 357
132, 347,  38,  39, 358
133, 216, 348, 215, 204
134, 348, 349, 214, 215
135, 349, 350, 213, 214
136, 350, 351, 212, 213
137, 351, 352, 211, 212
138, 352, 353, 210, 211
139, 353, 354, 209, 210
140, 354, 355, 208, 209
141, 355, 356, 207, 208
142, 356, 357, 206, 207
143, 357, 358, 205, 206
144, 358,  39,  40, 205
145,  40,  41, 359, 205
146,  41,  42, 360, 359
147,  42,  43, 361, 360
148,  43,  44, 362, 361
149,  44,  45, 363, 362
150,  45,  46, 364, 363
151,  46,  47, 365, 364
152,  47,  48, 366, 365
153,  48,  49, 367, 366
154,  49,  50, 368, 367
155,  50,  51, 369, 368
156,  51,   2,  52, 369
157, 205, 359, 370, 206
158, 359, 360, 371, 370
159, 360, 361, 372, 371
160, 361, 362, 373, 372
161, 362, 363, 374, 373
162, 363, 364, 375, 374
163, 364, 365, 376, 375
164, 365, 366, 377, 376
165, 366, 367, 378, 377
166, 367, 368, 379, 378
167, 368, 369, 380, 379
168, 369,  52,  53, 380
169, 206, 370, 381, 207
170, 370, 371, 382, 381
171, 371, 372, 383, 382
172, 372, 373, 384, 383
173, 373, 374, 385, 384
174, 374, 375, 386, 385
175, 375, 376, 387, 386
176, 376, 377, 388, 387
177, 377, 378, 389, 388
178, 378, 379, 390, 389
179, 379, 380, 391, 390
180, 380,  53,  54, 391
181, 207, 381, 392, 208
182, 381, 382, 393, 392
183, 382, 383, 394, 393
184, 383, 384, 395, 394
185, 384, 385, 396, 395
186, 385, 386, 397, 396
187, 386, 387, 398, 397
188, 387, 388, 399, 398
189, 388, 389, 400, 399
190, 389, 390, 401, 400
191, 390, 391, 402, 401
192, 391,  54,  55, 402
193, 208, 392, 403, 209
194, 392, 393, 404, 403
195, 393, 394, 405, 404
196, 394, 395, 406, 405
197, 395, 396, 407, 406
198, 396, 397, 408, 407
199, 397, 398, 409, 408
200, 398, 399, 410, 409
201, 399, 400, 411, 410
202, 400, 401, 412, 411
203, 401, 402, 413, 412
204, 402,  55,  56, 413
205, 209, 403, 414, 210
206, 403, 404, 415, 414
207, 404, 405, 416, 415
208, 405, 406, 417, 416
209, 406, 407, 418, 417
210, 407, 408, 419, 418
211, 408, 409, 420, 419
212, 409, 410, 421, 420
213, 410, 411, 422, 421
214, 411, 412, 423, 422
215, 412, 413, 424, 423
216, 413,  56,  57, 424
217, 210, 414, 425, 211
218, 414, 415, 426, 425
219, 415, 416, 427, 426
220, 416, 417, 428, 427
221, 417, 418, 429, 428
222, 418, 419, 430, 429
223, 419, 420, 431, 430
224, 420, 421, 432, 431
225, 421, 422, 433, 432
226, 422, 423, 434, 433
227, 423, 424, 435, 434
228, 424,  57,  58, 435
229, 211, 425, 436, 212
230, 425, 426, 437, 436
231, 426, 427, 438, 437
232, 427, 428, 439, 438
233, 428, 429, 440, 439
234, 429, 430, 441, 440
235, 430, 431, 442, 441
236, 431, 432, 443, 442
237, 432, 433, 444, 443
238, 433, 434, 445, 444
239, 434, 435, 446, 445
240, 435,  58,  59, 446
241, 212, 436, 447, 213
242, 436, 437, 448, 447
243, 437, 438, 449, 448
244, 438, 439, 450, 449
245, 439, 440, 451, 450
246, 440, 441, 452, 451
247, 441, 442, 453, 452
248, 442, 443, 454, 453
249, 443, 444, 455, 454
250, 444, 445, 456, 455
251, 445, 446, 457, 456
252, 446,  59,  60, 457
253, 213, 447, 458, 214
254, 447, 448, 459, 458
255, 448, 449, 460, 459
256, 449, 450, 461, 460
257, 450, 451, 462, 461
258, 451, 452, 463, 462
259, 452, 453, 464, 463
260, 453, 454, 465, 464
261, 454, 455, 466, 465
262, 455, 456, 467, 466
263, 456, 457, 468, 467
264, 457,  60,  61, 468
265, 214, 458, 469, 215
266, 458, 459, 470, 469
267, 459, 460, 471, 470
268, 460, 461, 472, 471
269, 461, 462, 473, 472
270, 462, 463, 474, 473
271, 463, 464, 475, 474
272, 464, 465, 476, 475
273, 465, 466, 477, 476
274, 466, 467, 478, 477
275, 467, 468, 479, 478
276, 468,  61,  62, 479
277, 215, 469, 237, 204
278, 469, 470, 236, 237
279, 470, 471, 235, 236
280, 471, 472, 234, 235
281, 472, 473, 233, 234
282, 473, 474, 232, 233
283, 474, 475, 231, 232
284, 475, 476, 230, 231
285, 476, 477, 229, 230
286, 477, 478, 228, 229
287, 478, 479, 227, 228
288, 479,  62,  63, 227
289,  63,  64, 480, 227
290,  64,  65, 481, 480
291,  65,  66, 482, 481
292,  66,  67, 483, 482
293,  67,  68, 484, 483
294,  68,  69, 485, 484
295,  69,  70, 486, 485
296,  70,  71, 487, 486
297,  71,  72, 488, 487
298,  72,  73, 489, 488
299,  73,  74, 490, 489
300,  74,   3,   6, 490
301, 227, 480, 491, 228
302, 480, 481, 492, 491
303, 481, 482, 493, 492
304, 482, 483, 494, 493
305, 483, 484, 495, 494
306, 484, 485, 496, 495
307, 485, 486, 497, 496
308, 486, 487, 498, 497
309, 487, 488, 499, 498
310, 488, 489, 500, 499
311, 489, 490, 501, 500
312, 490,   6,   7, 501
313, 228, 491, 502, 229
314, 491, 492, 503, 502
315, 492, 493, 504, 503
316, 493, 494, 505, 504
317, 494, 495, 506, 505
318, 495, 496, 507, 506
319, 496, 497, 508, 507
320, 497, 498, 509, 508
321, 498, 499, 510, 509
322, 499, 500, 511, 510
323, 500, 501, 512, 511
324, 501,   7,   8, 512
325, 229, 502, 513, 230
326, 502, 503, 514, 513
327, 503, 504, 515, 514
328, 504, 505, 516, 515
329, 505, 506, 517, 516
330, 506, 507, 518, 517
331, 507, 508, 519, 518
332, 508, 509, 520, 519
333, 509, 510, 521, 520
334, 510, 511, 522, 521
335, 511, 512, 523, 522
336, 512,   8,   9, 523
337, 230, 513, 524, 231
338, 513, 514, 525, 524
339, 514, 515, 526, 525
340, 515, 516, 527, 526
341, 516, 517, 528, 527
342, 517, 518, 529, 528
343, 518, 519, 530, 529
344, 519, 520, 531, 530
345, 520, 521, 532, 531
346, 521, 522, 533, 532
347, 522, 523, 534, 533
348, 523,   9,  10, 534
349, 231, 524, 535, 232
350, 524, 525, 536, 535
351, 525, 526, 537, 536
352, 526, 527, 538, 537
353, 527, 528, 539, 538
354, 528, 529, 540, 539
355, 529, 530, 541, 540
356, 530, 531, 542, 541
357, 531, 532, 543, 542
358, 532, 533, 544, 543
359, 533, 534, 545, 544
360, 534,  10,  11, 545
361, 232, 535, 546, 233
362, 535, 536, 547, 546
363, 536, 537, 548, 547
364, 537, 538, 549, 548
365, 538, 539, 550, 549
366, 539, 540, 551, 550
367, 540, 541, 552, 551
368, 541, 542, 553, 552
369, 542, 543, 554, 553
370, 543, 544, 555, 554
371, 544, 545, 556, 555
372, 545,  11,  12, 556
373, 233, 546, 557, 234
374, 546, 547, 558, 557
375, 547, 548, 559, 558
376, 548, 549, 560, 559
377, 549, 550, 561, 560
378, 550, 551, 562, 561
379, 551, 552, 563, 562
380, 552, 553, 564, 563
381, 553, 554, 565, 564
382, 554, 555, 566, 565
383, 555, 556, 567, 566
384, 556,  12,  13, 567
385, 234, 557, 568, 235
386, 557, 558, 569, 568
387, 558, 559, 570, 569
388, 559, 560, 571, 570
389, 560, 561, 572, 571
390, 561, 562, 573, 572
391, 562, 563, 574, 573
392, 563, 564, 575, 574
393, 564, 565, 576, 575
394, 565, 566, 577, 576
395, 566, 567, 578, 577
396, 567,  13,  14, 578
397, 235, 568, 579, 236
398, 568, 569, 580, 579
399, 569, 570, 581, 580
400, 570, 571, 582, 581
401, 571, 572, 583, 582
402, 572, 573, 584, 583
403, 573, 574, 585, 584
404, 574, 575, 586, 585
405, 575, 576, 587, 586
406, 576, 577, 588, 587
407, 577, 578, 589, 588
408, 578,  14,  15, 589
409, 236, 579, 590, 237
410, 579, 580, 591, 590
411, 580, 581, 592, 591
412, 581, 582, 593, 592
413, 582, 583, 594, 593
414, 583, 584, 595, 594
415, 584, 585, 596, 595
416, 585, 586, 597, 596
417, 586, 587, 598, 597
418, 587, 588, 599, 598
419, 588, 589, 600, 599
420, 589,  15,  16, 600
421, 237, 590, 216, 204
422, 590, 591, 217, 216
423, 591, 592, 218, 217
424, 592, 593, 219, 218
425, 593, 594, 220, 219
426, 594, 595, 221, 220
427, 595, 596, 222, 221
428, 596, 597, 223, 222
429, 597, 598, 224, 223
430, 598, 599, 225, 224
431, 599, 600, 226, 225
432, 600,  16,  17, 226
433,  86,  87, 635, 623
434,  87,  88, 636, 635
435,  88,  89, 637, 636
436,  89,  90, 638, 637
437,  90,  91, 639, 638
438,  91,  92, 640, 639
439,  92,  93, 641, 640
440,  93,  94, 642, 641
441,  94,  95, 643, 642
442,  95,  96, 644, 643
443,  96,  97, 645, 644
444,  97,   2,  51, 645
445, 623, 635, 646, 622
446, 635, 636, 647, 646
447, 636, 637, 648, 647
448, 637, 638, 649, 648
449, 638, 639, 650, 649
450, 639, 640, 651, 650
451, 640, 641, 652, 651
452, 641, 642, 653, 652
453, 642, 643, 654, 653
454, 643, 644, 655, 654
455, 644, 645, 656, 655
456, 645,  51,  50, 656
457, 622, 646, 657, 621
458, 646, 647, 658, 657
459, 647, 648, 659, 658
460, 648, 649, 660, 659
461, 649, 650, 661, 660
462, 650, 651, 662, 661
463, 651, 652, 663, 662
464, 652, 653, 664, 663
465, 653, 654, 665, 664
466, 654, 655, 666, 665
467, 655, 656, 667, 666
468, 656,  50,  49, 667
469, 621, 657, 668, 620
470, 657, 658, 669, 668
471, 658, 659, 670, 669
472, 659, 660, 671, 670
473, 660, 661, 672, 671
474, 661, 662, 673, 672
475, 662, 663, 674, 673
476, 663, 664, 675, 674
477, 664, 665, 676, 675
478, 665, 666, 677, 676
479, 666, 667, 678, 677
480, 667,  49,  48, 678
481, 620, 668, 679, 619
482, 668, 669, 680, 679
483, 669, 670, 681, 680
484, 670, 671, 682, 681
485, 671, 672, 683, 682
486, 672, 673, 684, 683
487, 673, 674, 685, 684
488, 674, 675, 686, 685
489, 675, 676, 687, 686
490, 676, 677, 688, 687
491, 677, 678, 689, 688
492, 678,  48,  47, 689
493, 619, 679, 690, 618
494, 679, 680, 691, 690
495, 680, 681, 692, 691
496, 681, 682, 693, 692
497, 682, 683, 694, 693
498, 683, 684, 695, 694
499, 684, 685, 696, 695
500, 685, 686, 697, 696
501, 686, 687, 698, 697
502, 687, 688, 699, 698
503, 688, 689, 700, 699
504, 689,  47,  46, 700
505, 618, 690, 701, 617
506, 690, 691, 702, 701
507, 691, 692, 703, 702
508, 692, 693, 704, 703
509, 693, 694, 705, 704
510, 694, 695, 706, 705
511, 695, 696, 707, 706
512, 696, 697, 708, 707
513, 697, 698, 709, 708
514, 698, 699, 710, 709
515, 699, 700, 711, 710
516, 700,  46,  45, 711
517, 617, 701, 712, 616
518, 701, 702, 713, 712
519, 702, 703, 714, 713
520, 703, 704, 715, 714
521, 704, 705, 716, 715
522, 705, 706, 717, 716
523, 706, 707, 718, 717
524, 707, 708, 719, 718
525, 708, 709, 720, 719
526, 709, 710, 721, 720
527, 710, 711, 722, 721
528, 711,  45,  44, 722
529, 616, 712, 723, 615
530, 712, 713, 724, 723
531, 713, 714, 725, 724
532, 714, 715, 726, 725
533, 715, 716, 727, 726
534, 716, 717, 728, 727
535, 717, 718, 729, 728
536, 718, 719, 730, 729
537, 719, 720, 731, 730
538, 720, 721, 732, 731
539, 721, 722, 733, 732
540, 722,  44,  43, 733
541, 615, 723, 734, 614
542, 723, 724, 735, 734
543, 724, 725, 736, 735
544, 725, 726, 737, 736
545, 726, 727, 738, 737
546, 727, 728, 739, 738
547, 728, 729, 740, 739
548, 729, 730, 741, 740
549, 730, 731, 742, 741
550, 731, 732, 743, 742
551, 732, 733, 744, 743
552, 733,  43,  42, 744
553, 614, 734, 745, 613
554, 734, 735, 746, 745
555, 735, 736, 747, 746
556, 736, 737, 748, 747
557, 737, 738, 749, 748
558, 738, 739, 750, 749
559, 739, 740, 751, 750
560, 740, 741, 752, 751
561, 741, 742, 753, 752
562, 742, 743, 754, 753
563, 743, 744, 755, 754
564, 744,  42,  41, 755
565, 613, 745, 612, 601
566, 745, 746, 611, 612
567, 746, 747, 610, 611
568, 747, 748, 609, 610
569, 748, 749, 608, 609
570, 749, 750, 607, 608
571, 750, 751, 606, 607
572, 751, 752, 605, 606
573, 752, 753, 604, 605
574, 753, 754, 603, 604
575, 754, 755, 602, 603
576, 755,  41,  40, 602
577,  40,  39, 756, 602
578,  39,  38, 757, 756
579,  38,  37, 758, 757
580,  37,  36, 759, 758
581,  36,  35, 760, 759
582,  35,  34, 761, 760
583,  34,  33, 762, 761
584,  33,  32, 763, 762
585,  32,  31, 764, 763
586,  31,  30, 765, 764
587,  30,  29, 766, 765
588,  29,   1,  98, 766
589, 602, 756, 767, 603
590, 756, 757, 768, 767
591, 757, 758, 769, 768
592, 758, 759, 770, 769
593, 759, 760, 771, 770
594, 760, 761, 772, 771
595, 761, 762, 773, 772
596, 762, 763, 774, 773
597, 763, 764, 775, 774
598, 764, 765, 776, 775
599, 765, 766, 777, 776
600, 766,  98,  99, 777
601, 603, 767, 778, 604
602, 767, 768, 779, 778
603, 768, 769, 780, 779
604, 769, 770, 781, 780
605, 770, 771, 782, 781
606, 771, 772, 783, 782
607, 772, 773, 784, 783
608, 773, 774, 785, 784
609, 774, 775, 786, 785
610, 775, 776, 787, 786
611, 776, 777, 788, 787
612, 777,  99, 100, 788
613, 604, 778, 789, 605
614, 778, 779, 790, 789
615, 779, 780, 791, 790
616, 780, 781, 792, 791
617, 781, 782, 793, 792
618, 782, 783, 794, 793
619, 783, 784, 795, 794
620, 784, 785, 796, 795
621, 785, 786, 797, 796
622, 786, 787, 798, 797
623, 787, 788, 799, 798
624, 788, 100, 101, 799
625, 605, 789, 800, 606
626, 789, 790, 801, 800
627, 790, 791, 802, 801
628, 791, 792, 803, 802
629, 792, 793, 804, 803
630, 793, 794, 805, 804
631, 794, 795, 806, 805
632, 795, 796, 807, 806
633, 796, 797, 808, 807
634, 797, 798, 809, 808
635, 798, 799, 810, 809
636, 799, 101, 102, 810
637, 606, 800, 811, 607
638, 800, 801, 812, 811
639, 801, 802, 813, 812
640, 802, 803, 814, 813
641, 803, 804, 815, 814
642, 804, 805, 816, 815
643, 805, 806, 817, 816
644, 806, 807, 818, 817
645, 807, 808, 819, 818
646, 808, 809, 820, 819
647, 809, 810, 821, 820
648, 810, 102, 103, 821
649, 607, 811, 822, 608
650, 811, 812, 823, 822
651, 812, 813, 824, 823
652, 813, 814, 825, 824
653, 814, 815, 826, 825
654, 815, 816, 827, 826
655, 816, 817, 828, 827
656, 817, 818, 829, 828
657, 818, 819, 830, 829
658, 819, 820, 831, 830
659, 820, 821, 832, 831
660, 821, 103, 104, 832
661, 608, 822, 833, 609
662, 822, 823, 834, 833
663, 823, 824, 835, 834
664, 824, 825, 836, 835
665, 825, 826, 837, 836
666, 826, 827, 838, 837
667, 827, 828, 839, 838
668, 828, 829, 840, 839
669, 829, 830, 841, 840
670, 830, 831, 842, 841
671, 831, 832, 843, 842
672, 832, 104, 105, 843
673, 609, 833, 844, 610
674, 833, 834, 845, 844
675, 834, 835, 846, 845
676, 835, 836, 847, 846
677, 836, 837, 848, 847
678, 837, 838, 849, 848
679, 838, 839, 850, 849
680, 839, 840, 851, 850
681, 840, 841, 852, 851
682, 841, 842, 853, 852
683, 842, 843, 854, 853
684, 843, 105, 106, 854
685, 610, 844, 855, 611
686, 844, 845, 856, 855
687, 845, 846, 857, 856
688, 846, 847, 858, 857
689, 847, 848, 859, 858
690, 848, 849, 860, 859
691, 849, 850, 861, 860
692, 850, 851, 862, 861
693, 851, 852, 863, 862
694, 852, 853, 864, 863
695, 853, 854, 865, 864
696, 854, 106, 107, 865
697, 611, 855, 866, 612
698, 855, 856, 867, 866
699, 856, 857, 868, 867
700, 857, 858, 869, 868
701, 858, 859, 870, 869
702, 859, 860, 871, 870
703, 860, 861, 872, 871
704, 861, 862, 873, 872
705, 862, 863, 874, 873
706, 863, 864, 875, 874
707, 864, 865, 876, 875
708, 865, 107, 108, 876
709, 612, 866, 634, 601
710, 866, 867, 633, 634
711, 867, 868, 632, 633
712, 868, 869, 631, 632
713, 869, 870, 630, 631
714, 870, 871, 629, 630
715, 871, 872, 628, 629
716, 872, 873, 627, 628
717, 873, 874, 626, 627
718, 874, 875, 625, 626
719, 875, 876, 624, 625
720, 876, 108, 109, 624
721, 109, 110, 877, 624
722, 110, 111, 878, 877
723, 111, 112, 879, 878
724, 112, 113, 880, 879
725, 113, 114, 881, 880
726, 114, 115, 882, 881
727, 115, 116, 883, 882
728, 116, 117, 884, 883
729, 117, 118, 885, 884
730, 118, 119, 886, 885
731, 119, 120, 887, 886
732, 120,   4,  75, 887
733, 624, 877, 888, 625
734, 877, 878, 889, 888
735, 878, 879, 890, 889
736, 879, 880, 891, 890
737, 880, 881, 892, 891
738, 881, 882, 893, 892
739, 882, 883, 894, 893
740, 883, 884, 895, 894
741, 884, 885, 896, 895
742, 885, 886, 897, 896
743, 886, 887, 898, 897
744, 887,  75,  76, 898
745, 625, 888, 899, 626
746, 888, 889, 900, 899
747, 889, 890, 901, 900
748, 890, 891, 902, 901
749, 891, 892, 903, 902
750, 892, 893, 904, 903
751, 893, 894, 905, 904
752, 894, 895, 906, 905
753, 895, 896, 907, 906
754, 896, 897, 908, 907
755, 897, 898, 909, 908
756, 898,  76,  77, 909
757, 626, 899, 910, 627
758, 899, 900, 911, 910
759, 900, 901, 912, 911
760, 901, 902, 913, 912
761, 902, 903, 914, 913
762, 903, 904, 915, 914
763, 904, 905, 916, 915
764, 905, 906, 917, 916
765, 906, 907, 918, 917
766, 907, 908, 919, 918
767, 908, 909, 920, 919
768, 909,  77,  78, 920
769, 627, 910, 921, 628
770, 910, 911, 922, 921
771, 911, 912, 923, 922
772, 912, 913, 924, 923
773, 913, 914, 925, 924
774, 914, 915, 926, 925
775, 915, 916, 927, 926
776, 916, 917, 928, 927
777, 917, 918, 929, 928
778, 918, 919, 930, 929
779, 919, 920, 931, 930
780, 920,  78,  79, 931
781, 628, 921, 932, 629
782, 921, 922, 933, 932
783, 922, 923, 934, 933
784, 923, 924, 935, 934
785, 924, 925, 936, 935
786, 925, 926, 937, 936
787, 926, 927, 938, 937
788, 927, 928, 939, 938
789, 928, 929, 940, 939
790, 929, 930, 941, 940
791, 930, 931, 942, 941
792, 931,  79,  80, 942
793, 629, 932, 943, 630
794, 932, 933, 944, 943
795, 933, 934, 945, 944
796, 934, 935, 946, 945
797, 935, 936, 947, 946
798, 936, 937, 948, 947
799, 937, 938, 949, 948
800, 938, 939, 950, 949
801, 939, 940, 951, 950
802, 940, 941, 952, 951
803, 941, 942, 953, 952
804, 942,  80,  81, 953
805, 630, 943, 954, 631
806, 943, 944, 955, 954
807, 944, 945, 956, 955
808, 945, 946, 957, 956
809, 946, 947, 958, 957
810, 947, 948, 959, 958
811, 948, 949, 960, 959
812, 949, 950, 961, 960
813, 950, 951, 962, 961
814, 951, 952, 963, 962
815, 952, 953, 964, 963
816, 953,  81,  82, 964
817, 631, 954, 965, 632
818, 954, 955, 966, 965
819, 955, 956, 967, 966
820, 956, 957, 968, 967
821, 957, 958, 969, 968
822, 958, 959, 970, 969
823, 959, 960, 971, 970
824, 960, 961, 972, 971
825, 961, 962, 973, 972
826, 962, 963, 974, 973
827, 963, 964, 975, 974
828, 964,  82,  83, 975
829, 632, 965, 976, 633
830, 965, 966, 977, 976
831, 966, 967, 978, 977
832, 967, 968, 979, 978
833, 968, 969, 980, 979
834, 969, 970, 981, 980
835, 970, 971, 982, 981
836, 971, 972, 983, 982
837, 972, 973, 984, 983
838, 973, 974, 985, 984
839, 974, 975, 986, 985
840, 975,  83,  84, 986
841, 633, 976, 987, 634
842, 976, 977, 988, 987
843, 977, 978, 989, 988
844, 978, 979, 990, 989
845, 979, 980, 991, 990
846, 980, 981, 992, 991
847, 981, 982, 993, 992
848, 982, 983, 994, 993
849, 983, 984, 995, 994
850, 984, 985, 996, 995
851, 985, 986, 997, 996
852, 986,  84,  85, 997
853, 634, 987, 613, 601
854, 987, 988, 614, 613
855, 988, 989, 615, 614
856, 989, 990, 616, 615
857, 990, 991, 617, 616
858, 991, 992, 618, 617
859, 992, 993, 619, 618
860, 993, 994, 620, 619
861, 994, 995, 621, 620
862, 995, 996, 622, 621
863, 996, 997, 623, 622
864, 997,  85,  86, 623
 865,  139,  140, 1039, 1020
 866,  140,  141, 1040, 1039
 867,  141,  142, 1041, 1040
 868,  142,  143, 1042, 1041
 869,  143,  144, 1043, 1042
 870,  144,  145, 1044, 1043
 871,  145,  146, 1045, 1044
 872,  146,  147, 1046, 1045
 873,  147,  148, 1047, 1046
 874,  148,  149, 1048, 1047
 875,  149,  150, 1049, 1048
 876,  150,  151, 1050, 1049
 877,  151,  152, 1051, 1050
 878,  152,  153, 1052, 1051
 879,  153,  154, 1053, 1052
 880,  154,  155, 1054, 1053
 881,  155,  156, 1055, 1054
 882,  156,  157, 1056, 1055
 883,  157,    5,  158, 1056
 884, 1020, 1039, 1057, 1019
 885, 1039, 1040, 1058, 1057
 886, 1040, 1041, 1059, 1058
 887, 1041, 1042, 1060, 1059
 888, 1042, 1043, 1061, 1060
 889, 1043, 1044, 1062, 1061
 890, 1044, 1045, 1063, 1062
 891, 1045, 1046, 1064, 1063
 892, 1046, 1047, 1065, 1064
 893, 1047, 1048, 1066, 1065
 894, 1048, 1049, 1067, 1066
 895, 1049, 1050, 1068, 1067
 896, 1050, 1051, 1069, 1068
 897, 1051, 1052, 1070, 1069
 898, 1052, 1053, 1071, 1070
 899, 1053, 1054, 1072, 1071
 900, 1054, 1055, 1073, 1072
 901, 1055, 1056, 1074, 1073
 902, 1056,  158,  159, 1074
 903, 1019, 1057, 1075, 1018
 904, 1057, 1058, 1076, 1075
 905, 1058, 1059, 1077, 1076
 906, 1059, 1060, 1078, 1077
 907, 1060, 1061, 1079, 1078
 908, 1061, 1062, 1080, 1079
 909, 1062, 1063, 1081, 1080
 910, 1063, 1064, 1082, 1081
 911, 1064, 1065, 1083, 1082
 912, 1065, 1066, 1084, 1083
 913, 1066, 1067, 1085, 1084
 914, 1067, 1068, 1086, 1085
 915, 1068, 1069, 1087, 1086
 916, 1069, 1070, 1088, 1087
 917, 1070, 1071, 1089, 1088
 918, 1071, 1072, 1090, 1089
 919, 1072, 1073, 1091, 1090
 920, 1073, 1074, 1092, 1091
 921, 1074,  159,  160, 1092
 922, 1018, 1075, 1093, 1017
 923, 1075, 1076, 1094, 1093
 924, 1076, 1077, 1095, 1094
 925, 1077, 1078, 1096, 1095
 926, 1078, 1079, 1097, 1096
 927, 1079, 1080, 1098, 1097
 928, 1080, 1081, 1099, 1098
 929, 1081, 1082, 1100, 1099
 930, 1082, 1083, 1101, 1100
 931, 1083, 1084, 1102, 1101
 932, 1084, 1085, 1103, 1102
 933, 1085, 1086, 1104, 1103
 934, 1086, 1087, 1105, 1104
 935, 1087, 1088, 1106, 1105
 936, 1088, 1089, 1107, 1106
 937, 1089, 1090, 1108, 1107
 938, 1090, 1091, 1109, 1108
 939, 1091, 1092, 1110, 1109
 940, 1092,  160,  161, 1110
 941, 1017, 1093, 1016,  998
 942, 1093, 1094, 1015, 1016
 943, 1094, 1095, 1014, 1015
 944, 1095, 1096, 1013, 1014
 945, 1096, 1097, 1012, 1013
 946, 1097, 1098, 1011, 1012
 947, 1098, 1099, 1010, 1011
 948, 1099, 1100, 1009, 1010
 949, 1100, 1101, 1008, 1009
 950, 1101, 1102, 1007, 1008
 951, 1102, 1103, 1006, 1007
 952, 1103, 1104, 1005, 1006
 953, 1104, 1105, 1004, 1005
 954, 1105, 1106, 1003, 1004
 955, 1106, 1107, 1002, 1003
 956, 1107, 1108, 1001, 1002
 957, 1108, 1109, 1000, 1001
 958, 1109, 1110,  999, 1000
 959, 1110,  161,  162,  999
 960,  162,  163, 1111,  999
 961,  163,  164, 1112, 1111
 962,  164,  165, 1113, 1112
 963,  165,  166, 1114, 1113
 964,  166,  167, 1115, 1114
 965,  167,  168, 1116, 1115
 966,  168,  169, 1117, 1116
 967,  169,  170, 1118, 1117
 968,  170,  171, 1119, 1118
 969,  171,  172, 1120, 1119
 970,  172,  173, 1121, 1120
 971,  173,  174, 1122, 1121
 972,  174,  175, 1123, 1122
 973,  175,  176, 1124, 1123
 974,  176,  177, 1125, 1124
 975,  177,  178, 1126, 1125
 976,  178,  179, 1127, 1126
 977,  179,  180, 1128, 1127
 978,  180,    1,   28, 1128
 979,  999, 1111, 1129, 1000
 980, 1111, 1112, 1130, 1129
 981, 1112, 1113, 1131, 1130
 982, 1113, 1114, 1132, 1131
 983, 1114, 1115, 1133, 1132
 984, 1115, 1116, 1134, 1133
 985, 1116, 1117, 1135, 1134
 986, 1117, 1118, 1136, 1135
 987, 1118, 1119, 1137, 1136
 988, 1119, 1120, 1138, 1137
 989, 1120, 1121, 1139, 1138
 990, 1121, 1122, 1140, 1139
 991, 1122, 1123, 1141, 1140
 992, 1123, 1124, 1142, 1141
 993, 1124, 1125, 1143, 1142
 994, 1125, 1126, 1144, 1143
 995, 1126, 1127, 1145, 1144
 996, 1127, 1128, 1146, 1145
 997, 1128,   28,   27, 1146
 998, 1000, 1129, 1147, 1001
 999, 1129, 1130, 1148, 1147
1000, 1130, 1131, 1149, 1148
1001, 1131, 1132, 1150, 1149
1002, 1132, 1133, 1151, 1150
1003, 1133, 1134, 1152, 1151
1004, 1134, 1135, 1153, 1152
1005, 1135, 1136, 1154, 1153
1006, 1136, 1137, 1155, 1154
1007, 1137, 1138, 1156, 1155
1008, 1138, 1139, 1157, 1156
1009, 1139, 1140, 1158, 1157
1010, 1140, 1141, 1159, 1158
1011, 1141, 1142, 1160, 1159
1012, 1142, 1143, 1161, 1160
1013, 1143, 1144, 1162, 1161
1014, 1144, 1145, 1163, 1162
1015, 1145, 1146, 1164, 1163
1016, 1146,   27,   26, 1164
1017, 1001, 1147, 1165, 1002
1018, 1147, 1148, 1166, 1165
1019, 1148, 1149, 1167, 1166
1020, 1149, 1150, 1168, 1167
1021, 1150, 1151, 1169, 1168
1022, 1151, 1152, 1170, 1169
1023, 1152, 1153, 1171, 1170
1024, 1153, 1154, 1172, 1171
1025, 1154, 1155, 1173, 1172
1026, 1155, 1156, 1174, 1173
1027, 1156, 1157, 1175, 1174
1028, 1157, 1158, 1176, 1175
1029, 1158, 1159, 1177, 1176
1030, 1159, 1160, 1178, 1177
1031, 1160, 1161, 1179, 1178
1032, 1161, 1162, 1180, 1179
1033, 1162, 1163, 1181, 1180
1034, 1163, 1164, 1182, 1181
1035, 1164,   26,   25, 1182
1036, 1002, 1165, 1183, 1003
1037, 1165, 1166, 1184, 1183
1038, 1166, 1167, 1185, 1184
1039, 1167, 1168, 1186, 1185
1040, 1168, 1169, 1187, 1186
1041, 1169, 1170, 1188, 1187
1042, 1170, 1171, 1189, 1188
1043, 1171, 1172, 1190, 1189
1044, 1172, 1173, 1191, 1190
1045, 1173, 1174, 1192, 1191
1046, 1174, 1175, 1193, 1192
1047, 1175, 1176, 1194, 1193
1048, 1176, 1177, 1195, 1194
1049, 1177, 1178, 1196, 1195
1050, 1178, 1179, 1197, 1196
1051, 1179, 1180, 1198, 1197
1052, 1180, 1181, 1199, 1198
1053, 1181, 1182, 1200, 1199
1054, 1182,   25,   24, 1200
1055, 1003, 1183, 1201, 1004
1056, 1183, 1184, 1202, 1201
1057, 1184, 1185, 1203, 1202
1058, 1185, 1186, 1204, 1203
1059, 1186, 1187, 1205, 1204
1060, 1187, 1188, 1206, 1205
1061, 1188, 1189, 1207, 1206
1062, 1189, 1190, 1208, 1207
1063, 1190, 1191, 1209, 1208
1064, 1191, 1192, 1210, 1209
1065, 1192, 1193, 1211, 1210
1066, 1193, 1194, 1212, 1211
1067, 1194, 1195, 1213, 1212
1068, 1195, 1196, 1214, 1213
1069, 1196, 1197, 1215, 1214
1070, 1197, 1198, 1216, 1215
1071, 1198, 1199, 1217, 1216
1072, 1199, 1200, 1218, 1217
1073, 1200,   24,   23, 1218
1074, 1004, 1201, 1219, 1005
1075, 1201, 1202, 1220, 1219
1076, 1202, 1203, 1221, 1220
1077, 1203, 1204, 1222, 1221
1078, 1204, 1205, 1223, 1222
1079, 1205, 1206, 1224, 1223
1080, 1206, 1207, 1225, 1224
1081, 1207, 1208, 1226, 1225
1082, 1208, 1209, 1227, 1226
1083, 1209, 1210, 1228, 1227
1084, 1210, 1211, 1229, 1228
1085, 1211, 1212, 1230, 1229
1086, 1212, 1213, 1231, 1230
1087, 1213, 1214, 1232, 1231
1088, 1214, 1215, 1233, 1232
1089, 1215, 1216, 1234, 1233
1090, 1216, 1217, 1235, 1234
1091, 1217, 1218, 1236, 1235
1092, 1218,   23,   22, 1236
1093, 1005, 1219, 1237, 1006
1094, 1219, 1220, 1238, 1237
1095, 1220, 1221, 1239, 1238
1096, 1221, 1222, 1240, 1239
1097, 1222, 1223, 1241, 1240
1098, 1223, 1224, 1242, 1241
1099, 1224, 1225, 1243, 1242
1100, 1225, 1226, 1244, 1243
1101, 1226, 1227, 1245, 1244
1102, 1227, 1228, 1246, 1245
1103, 1228, 1229, 1247, 1246
1104, 1229, 1230, 1248, 1247
1105, 1230, 1231, 1249, 1248
1106, 1231, 1232, 1250, 1249
1107, 1232, 1233, 1251, 1250
1108, 1233, 1234, 1252, 1251
1109, 1234, 1235, 1253, 1252
1110, 1235, 1236, 1254, 1253
1111, 1236,   22,   21, 1254
1112, 1006, 1237, 1255, 1007
1113, 1237, 1238, 1256, 1255
1114, 1238, 1239, 1257, 1256
1115, 1239, 1240, 1258, 1257
1116, 1240, 1241, 1259, 1258
1117, 1241, 1242, 1260, 1259
1118, 1242, 1243, 1261, 1260
1119, 1243, 1244, 1262, 1261
1120, 1244, 1245, 1263, 1262
1121, 1245, 1246, 1264, 1263
1122, 1246, 1247, 1265, 1264
1123, 1247, 1248, 1266, 1265
1124, 1248, 1249, 1267, 1266
1125, 1249, 1250, 1268, 1267
1126, 1250, 1251, 1269, 1268
1127, 1251, 1252, 1270, 1269
1128, 1252, 1253, 1271, 1270
1129, 1253, 1254, 1272, 1271
1130, 1254,   21,   20, 1272
1131, 1007, 1255, 1273, 1008
1132, 1255, 1256, 1274, 1273
1133, 1256, 1257, 1275, 1274
1134, 1257, 1258, 1276, 1275
1135, 1258, 1259, 1277, 1276
1136, 1259, 1260, 1278, 1277
1137, 1260, 1261, 1279, 1278
1138, 1261, 1262, 1280, 1279
1139, 1262, 1263, 1281, 1280
1140, 1263, 1264, 1282, 1281
1141, 1264, 1265, 1283, 1282
1142, 1265, 1266, 1284, 1283
1143, 1266, 1267, 1285, 1284
1144, 1267, 1268, 1286, 1285
1145, 1268, 1269, 1287, 1286
1146, 1269, 1270, 1288, 1287
1147, 1270, 1271, 1289, 1288
1148, 1271, 1272, 1290, 1289
1149, 1272,   20,   19, 1290
1150, 1008, 1273, 1291, 1009
1151, 1273, 1274, 1292, 1291
1152, 1274, 1275, 1293, 1292
1153, 1275, 1276, 1294, 1293
1154, 1276, 1277, 1295, 1294
1155, 1277, 1278, 1296, 1295
1156, 1278, 1279, 1297, 1296
1157, 1279, 1280, 1298, 1297
1158, 1280, 1281, 1299, 1298
1159, 1281, 1282, 1300, 1299
1160, 1282, 1283, 1301, 1300
1161, 1283, 1284, 1302, 1301
1162, 1284, 1285, 1303, 1302
1163, 1285, 1286, 1304, 1303
1164, 1286, 1287, 1305, 1304
1165, 1287, 1288, 1306, 1305
1166, 1288, 1289, 1307, 1306
1167, 1289, 1290, 1308, 1307
1168, 1290,   19,   18, 1308
1169, 1009, 1291, 1309, 1010
1170, 1291, 1292, 1310, 1309
1171, 1292, 1293, 1311, 1310
1172, 1293, 1294, 1312, 1311
1173, 1294, 1295, 1313, 1312
1174, 1295, 1296, 1314, 1313
1175, 1296, 1297, 1315, 1314
1176, 1297, 1298, 1316, 1315
1177, 1298, 1299, 1317, 1316
1178, 1299, 1300, 1318, 1317
1179, 1300, 1301, 1319, 1318
1180, 1301, 1302, 1320, 1319
1181, 1302, 1303, 1321, 1320
1182, 1303, 1304, 1322, 1321
1183, 1304, 1305, 1323, 1322
1184, 1305, 1306, 1324, 1323
1185, 1306, 1307, 1325, 1324
1186, 1307, 1308, 1326, 1325
1187, 1308,   18,   17, 1326
1188, 1010, 1309, 1327, 1011
1189, 1309, 1310, 1328, 1327
1190, 1310, 1311, 1329, 1328
1191, 1311, 1312, 1330, 1329
1192, 1312, 1313, 1331, 1330
1193, 1313, 1314, 1332, 1331
1194, 1314, 1315, 1333, 1332
1195, 1315, 1316, 1334, 1333
1196, 1316, 1317, 1335, 1334
1197, 1317, 1318, 1336, 1335
1198, 1318, 1319, 1337, 1336
1199, 1319, 1320, 1338, 1337
1200, 1320, 1321, 1339, 1338
1201, 1321, 1322, 1340, 1339
1202, 1322, 1323, 1341, 1340
1203, 1323, 1324, 1342, 1341
1204, 1324, 1325, 1343, 1342
1205, 1325, 1326, 1344, 1343
1206, 1326,   17,   16, 1344
1207, 1011, 1327, 1345, 1012
1208, 1327, 1328, 1346, 1345
1209, 1328, 1329, 1347, 1346
1210, 1329, 1330, 1348, 1347
1211, 1330, 1331, 1349, 1348
1212, 1331, 1332, 1350, 1349
1213, 1332, 1333, 1351, 1350
1214, 1333, 1334, 1352, 1351
1215, 1334, 1335, 1353, 1352
1216, 1335, 1336, 1354, 1353
1217, 1336, 1337, 1355, 1354
1218, 1337, 1338, 1356, 1355
1219, 1338, 1339, 1357, 1356
1220, 1339, 1340, 1358, 1357
1221, 1340, 1341, 1359, 1358
1222, 1341, 1342, 1360, 1359
1223, 1342, 1343, 1361, 1360
1224, 1343, 1344, 1362, 1361
1225, 1344,   16,   15, 1362
1226, 1012, 1345, 1363, 1013
1227, 1345, 1346, 1364, 1363
1228, 1346, 1347, 1365, 1364
1229, 1347, 1348, 1366, 1365
1230, 1348, 1349, 1367, 1366
1231, 1349, 1350, 1368, 1367
1232, 1350, 1351, 1369, 1368
1233, 1351, 1352, 1370, 1369
1234, 1352, 1353, 1371, 1370
1235, 1353, 1354, 1372, 1371
1236, 1354, 1355, 1373, 1372
1237, 1355, 1356, 1374, 1373
1238, 1356, 1357, 1375, 1374
1239, 1357, 1358, 1376, 1375
1240, 1358, 1359, 1377, 1376
1241, 1359, 1360, 1378, 1377
1242, 1360, 1361, 1379, 1378
1243, 1361, 1362, 1380, 1379
1244, 1362,   15,   14, 1380
1245, 1013, 1363, 1381, 1014
1246, 1363, 1364, 1382, 1381
1247, 1364, 1365, 1383, 1382
1248, 1365, 1366, 1384, 1383
1249, 1366, 1367, 1385, 1384
1250, 1367, 1368, 1386, 1385
1251, 1368, 1369, 1387, 1386
1252, 1369, 1370, 1388, 1387
1253, 1370, 1371, 1389, 1388
1254, 1371, 1372, 1390, 1389
1255, 1372, 1373, 1391, 1390
1256, 1373, 1374, 1392, 1391
1257, 1374, 1375, 1393, 1392
1258, 1375, 1376, 1394, 1393
1259, 1376, 1377, 1395, 1394
1260, 1377, 1378, 1396, 1395
1261, 1378, 1379, 1397, 1396
1262, 1379, 1380, 1398, 1397
1263, 1380,   14,   13, 1398
1264, 1014, 1381, 1399, 1015
1265, 1381, 1382, 1400, 1399
1266, 1382, 1383, 1401, 1400
1267, 1383, 1384, 1402, 1401
1268, 1384, 1385, 1403, 1402
1269, 1385, 1386, 1404, 1403
1270, 1386, 1387, 1405, 1404
1271, 1387, 1388, 1406, 1405
1272, 1388, 1389, 1407, 1406
1273, 1389, 1390, 1408, 1407
1274, 1390, 1391, 1409, 1408
1275, 1391, 1392, 1410, 1409
1276, 1392, 1393, 1411, 1410
1277, 1393, 1394, 1412, 1411
1278, 1394, 1395, 1413, 1412
1279, 1395, 1396, 1414, 1413
1280, 1396, 1397, 1415, 1414
1281, 1397, 1398, 1416, 1415
1282, 1398,   13,   12, 1416
1283, 1015, 1399, 1417, 1016
1284, 1399, 1400, 1418, 1417
1285, 1400, 1401, 1419, 1418
1286, 1401, 1402, 1420, 1419
1287, 1402, 1403, 1421, 1420
1288, 1403, 1404, 1422, 1421
1289, 1404, 1405, 1423, 1422
1290, 1405, 1406, 1424, 1423
1291, 1406, 1407, 1425, 1424
1292, 1407, 1408, 1426, 1425
1293, 1408, 1409, 1427, 1426
1294, 1409, 1410, 1428, 1427
1295, 1410, 1411, 1429, 1428
1296, 1411, 1412, 1430, 1429
1297, 1412, 1413, 1431, 1430
1298, 1413, 1414, 1432, 1431
1299, 1414, 1415, 1433, 1432
1300, 1415, 1416, 1434, 1433
1301, 1416,   12,   11, 1434
1302, 1016, 1417, 1038,  998
1303, 1417, 1418, 1037, 1038
1304, 1418, 1419, 1036, 1037
1305, 1419, 1420, 1035, 1036
1306, 1420, 1421, 1034, 1035
1307, 1421, 1422, 1033, 1034
1308, 1422, 1423, 1032, 1033
1309, 1423, 1424, 1031, 1032
1310, 1424, 1425, 1030, 1031
1311, 1425, 1426, 1029, 1030
1312, 1426, 1427, 1028, 1029
1313, 1427, 1428, 1027, 1028
1314, 1428, 1429, 1026, 1027
1315, 1429, 1430, 1025, 1026
1316, 1430, 1431, 1024, 1025
1317, 1431, 1432, 1023, 1024
1318, 1432, 1433, 1022, 1023
1319, 1433, 1434, 1021, 1022
1320, 1434,   11,   10, 1021
1321,   10,    9, 1435, 1021
1322,    9,    8, 1436, 1435
1323,    8,    7, 1437, 1436
1324,    7,    6, 1438, 1437
1325,    6,    3,  121, 1438
1326, 1021, 1435, 1439, 1022
1327, 1435, 1436, 1440, 1439
1328, 1436, 1437, 1441, 1440
1329, 1437, 1438, 1442, 1441
1330, 1438,  121,  122, 1442
1331, 1022, 1439, 1443, 1023
1332, 1439, 1440, 1444, 1443
1333, 1440, 1441, 1445, 1444
1334, 1441, 1442, 1446, 1445
1335, 1442,  122,  123, 1446
1336, 1023, 1443, 1447, 1024
1337, 1443, 1444, 1448, 1447
1338, 1444, 1445, 1449, 1448
1339, 1445, 1446, 1450, 1449
1340, 1446,  123,  124, 1450
1341, 1024, 1447, 1451, 1025
1342, 1447, 1448, 1452, 1451
1343, 1448, 1449, 1453, 1452
1344, 1449, 1450, 1454, 1453
1345, 1450,  124,  125, 1454
1346, 1025, 1451, 1455, 1026
1347, 1451, 1452, 1456, 1455
1348, 1452, 1453, 1457, 1456
1349, 1453, 1454, 1458, 1457
1350, 1454,  125,  126, 1458
1351, 1026, 1455, 1459, 1027
1352, 1455, 1456, 1460, 1459
1353, 1456, 1457, 1461, 1460
1354, 1457, 1458, 1462, 1461
1355, 1458,  126,  127, 1462
1356, 1027, 1459, 1463, 1028
1357, 1459, 1460, 1464, 1463
1358, 1460, 1461, 1465, 1464
1359, 1461, 1462, 1466, 1465
1360, 1462,  127,  128, 1466
1361, 1028, 1463, 1467, 1029
1362, 1463, 1464, 1468, 1467
1363, 1464, 1465, 1469, 1468
1364, 1465, 1466, 1470, 1469
1365, 1466,  128,  129, 1470
1366, 1029, 1467, 1471, 1030
1367, 1467, 1468, 1472, 1471
1368, 1468, 1469, 1473, 1472
1369, 1469, 1470, 1474, 1473
1370, 1470,  129,  130, 1474
1371, 1030, 1471, 1475, 1031
1372, 1471, 1472, 1476, 1475
1373, 1472, 1473, 1477, 1476
1374, 1473, 1474, 1478, 1477
1375, 1474,  130,  131, 1478
1376, 1031, 1475, 1479, 1032
1377, 1475, 1476, 1480, 1479
1378, 1476, 1477, 1481, 1480
1379, 1477, 1478, 1482, 1481
1380, 1478,  131,  132, 1482
1381, 1032, 1479, 1483, 1033
1382, 1479, 1480, 1484, 1483
1383, 1480, 1481, 1485, 1484
1384, 1481, 1482, 1486, 1485
1385, 1482,  132,  133, 1486
1386, 1033, 1483, 1487, 1034
1387, 1483, 1484, 1488, 1487
1388, 1484, 1485, 1489, 1488
1389, 1485, 1486, 1490, 1489
1390, 1486,  133,  134, 1490
1391, 1034, 1487, 1491, 1035
1392, 1487, 1488, 1492, 1491
1393, 1488, 1489, 1493, 1492
1394, 1489, 1490, 1494, 1493
1395, 1490,  134,  135, 1494
1396, 1035, 1491, 1495, 1036
1397, 1491, 1492, 1496, 1495
1398, 1492, 1493, 1497, 1496
1399, 1493, 1494, 1498, 1497
1400, 1494,  135,  136, 1498
1401, 1036, 1495, 1499, 1037
1402, 1495, 1496, 1500, 1499
1403, 1496, 1497, 1501, 1500
1404, 1497, 1498, 1502, 1501
1405, 1498,  136,  137, 1502
1406, 1037, 1499, 1503, 1038
1407, 1499, 1500, 1504, 1503
1408, 1500, 1501, 1505, 1504
1409, 1501, 1502, 1506, 1505
1410, 1502,  137,  138, 1506
1411, 1038, 1503, 1017,  998
1412, 1503, 1504, 1018, 1017
1413, 1504, 1505, 1019, 1018
1414, 1505, 1506, 1020, 1019
1415, 1506,  138,  139, 1020
1416,  109,  108, 1541, 1529
1417,  108,  107, 1542, 1541
1418,  107,  106, 1543, 1542
1419,  106,  105, 1544, 1543
1420,  105,  104, 1545, 1544
1421,  104,  103, 1546, 1545
1422,  103,  102, 1547, 1546
1423,  102,  101, 1548, 1547
1424,  101,  100, 1549, 1548
1425,  100,   99, 1550, 1549
1426,   99,   98, 1551, 1550
1427,   98,    1,  180, 1551
1428, 1529, 1541, 1552, 1528
1429, 1541, 1542, 1553, 1552
1430, 1542, 1543, 1554, 1553
1431, 1543, 1544, 1555, 1554
1432, 1544, 1545, 1556, 1555
1433, 1545, 1546, 1557, 1556
1434, 1546, 1547, 1558, 1557
1435, 1547, 1548, 1559, 1558
1436, 1548, 1549, 1560, 1559
1437, 1549, 1550, 1561, 1560
1438, 1550, 1551, 1562, 1561
1439, 1551,  180,  179, 1562
1440, 1528, 1552, 1563, 1527
1441, 1552, 1553, 1564, 1563
1442, 1553, 1554, 1565, 1564
1443, 1554, 1555, 1566, 1565
1444, 1555, 1556, 1567, 1566
1445, 1556, 1557, 1568, 1567
1446, 1557, 1558, 1569, 1568
1447, 1558, 1559, 1570, 1569
1448, 1559, 1560, 1571, 1570
1449, 1560, 1561, 1572, 1571
1450, 1561, 1562, 1573, 1572
1451, 1562,  179,  178, 1573
1452, 1527, 1563, 1574, 1526
1453, 1563, 1564, 1575, 1574
1454, 1564, 1565, 1576, 1575
1455, 1565, 1566, 1577, 1576
1456, 1566, 1567, 1578, 1577
1457, 1567, 1568, 1579, 1578
1458, 1568, 1569, 1580, 1579
1459, 1569, 1570, 1581, 1580
1460, 1570, 1571, 1582, 1581
1461, 1571, 1572, 1583, 1582
1462, 1572, 1573, 1584, 1583
1463, 1573,  178,  177, 1584
1464, 1526, 1574, 1585, 1525
1465, 1574, 1575, 1586, 1585
1466, 1575, 1576, 1587, 1586
1467, 1576, 1577, 1588, 1587
1468, 1577, 1578, 1589, 1588
1469, 1578, 1579, 1590, 1589
1470, 1579, 1580, 1591, 1590
1471, 1580, 1581, 1592, 1591
1472, 1581, 1582, 1593, 1592
1473, 1582, 1583, 1594, 1593
1474, 1583, 1584, 1595, 1594
1475, 1584,  177,  176, 1595
1476, 1525, 1585, 1596, 1524
1477, 1585, 1586, 1597, 1596
1478, 1586, 1587, 1598, 1597
1479, 1587, 1588, 1599, 1598
1480, 1588, 1589, 1600, 1599
1481, 1589, 1590, 1601, 1600
1482, 1590, 1591, 1602, 1601
1483, 1591, 1592, 1603, 1602
1484, 1592, 1593, 1604, 1603
1485, 1593, 1594, 1605, 1604
1486, 1594, 1595, 1606, 1605
1487, 1595,  176,  175, 1606
1488, 1524, 1596, 1607, 1523
1489, 1596, 1597, 1608, 1607
1490, 1597, 1598, 1609, 1608
1491, 1598, 1599, 1610, 1609
1492, 1599, 1600, 1611, 1610
1493, 1600, 1601, 1612, 1611
1494, 1601, 1602, 1613, 1612
1495, 1602, 1603, 1614, 1613
1496, 1603, 1604, 1615, 1614
1497, 1604, 1605, 1616, 1615
1498, 1605, 1606, 1617, 1616
1499, 1606,  175,  174, 1617
1500, 1523, 1607, 1618, 1522
1501, 1607, 1608, 1619, 1618
1502, 1608, 1609, 1620, 1619
1503, 1609, 1610, 1621, 1620
1504, 1610, 1611, 1622, 1621
1505, 1611, 1612, 1623, 1622
1506, 1612, 1613, 1624, 1623
1507, 1613, 1614, 1625, 1624
1508, 1614, 1615, 1626, 1625
1509, 1615, 1616, 1627, 1626
1510, 1616, 1617, 1628, 1627
1511, 1617,  174,  173, 1628
1512, 1522, 1618, 1629, 1521
1513, 1618, 1619, 1630, 1629
1514, 1619, 1620, 1631, 1630
1515, 1620, 1621, 1632, 1631
1516, 1621, 1622, 1633, 1632
1517, 1622, 1623, 1634, 1633
1518, 1623, 1624, 1635, 1634
1519, 1624, 1625, 1636, 1635
1520, 1625, 1626, 1637, 1636
1521, 1626, 1627, 1638, 1637
1522, 1627, 1628, 1639, 1638
1523, 1628,  173,  172, 1639
1524, 1521, 1629, 1640, 1520
1525, 1629, 1630, 1641, 1640
1526, 1630, 1631, 1642, 1641
1527, 1631, 1632, 1643, 1642
1528, 1632, 1633, 1644, 1643
1529, 1633, 1634, 1645, 1644
1530, 1634, 1635, 1646, 1645
1531, 1635, 1636, 1647, 1646
1532, 1636, 1637, 1648, 1647
1533, 1637, 1638, 1649, 1648
1534, 1638, 1639, 1650, 1649
1535, 1639,  172,  171, 1650
1536, 1520, 1640, 1651, 1519
1537, 1640, 1641, 1652, 1651
1538, 1641, 1642, 1653, 1652
1539, 1642, 1643, 1654, 1653
1540, 1643, 1644, 1655, 1654
1541, 1644, 1645, 1656, 1655
1542, 1645, 1646, 1657, 1656
1543, 1646, 1647, 1658, 1657
1544, 1647, 1648, 1659, 1658
1545, 1648, 1649, 1660, 1659
1546, 1649, 1650, 1661, 1660
1547, 1650,  171,  170, 1661
1548, 1519, 1651, 1518, 1507
1549, 1651, 1652, 1517, 1518
1550, 1652, 1653, 1516, 1517
1551, 1653, 1654, 1515, 1516
1552, 1654, 1655, 1514, 1515
1553, 1655, 1656, 1513, 1514
1554, 1656, 1657, 1512, 1513
1555, 1657, 1658, 1511, 1512
1556, 1658, 1659, 1510, 1511
1557, 1659, 1660, 1509, 1510
1558, 1660, 1661, 1508, 1509
1559, 1661,  170,  169, 1508
1560,  169,  168, 1662, 1508
1561,  168,  167, 1663, 1662
1562,  167,  166, 1664, 1663
1563,  166,  165, 1665, 1664
1564,  165,  164, 1666, 1665
1565,  164,  163, 1667, 1666
1566,  163,  162, 1668, 1667
1567,  162,  161, 1669, 1668
1568,  161,  160, 1670, 1669
1569,  160,  159, 1671, 1670
1570,  159,  158, 1672, 1671
1571,  158,    5,  181, 1672
1572, 1508, 1662, 1673, 1509
1573, 1662, 1663, 1674, 1673
1574, 1663, 1664, 1675, 1674
1575, 1664, 1665, 1676, 1675
1576, 1665, 1666, 1677, 1676
1577, 1666, 1667, 1678, 1677
1578, 1667, 1668, 1679, 1678
1579, 1668, 1669, 1680, 1679
1580, 1669, 1670, 1681, 1680
1581, 1670, 1671, 1682, 1681
1582, 1671, 1672, 1683, 1682
1583, 1672,  181,  182, 1683
1584, 1509, 1673, 1684, 1510
1585, 1673, 1674, 1685, 1684
1586, 1674, 1675, 1686, 1685
1587, 1675, 1676, 1687, 1686
1588, 1676, 1677, 1688, 1687
1589, 1677, 1678, 1689, 1688
1590, 1678, 1679, 1690, 1689
1591, 1679, 1680, 1691, 1690
1592, 1680, 1681, 1692, 1691
1593, 1681, 1682, 1693, 1692
1594, 1682, 1683, 1694, 1693
1595, 1683,  182,  183, 1694
1596, 1510, 1684, 1695, 1511
1597, 1684, 1685, 1696, 1695
1598, 1685, 1686, 1697, 1696
1599, 1686, 1687, 1698, 1697
1600, 1687, 1688, 1699, 1698
1601, 1688, 1689, 1700, 1699
1602, 1689, 1690, 1701, 1700
1603, 1690, 1691, 1702, 1701
1604, 1691, 1692, 1703, 1702
1605, 1692, 1693, 1704, 1703
1606, 1693, 1694, 1705, 1704
1607, 1694,  183,  184, 1705
1608, 1511, 1695, 1706, 1512
1609, 1695, 1696, 1707, 1706
1610, 1696, 1697, 1708, 1707
1611, 1697, 1698, 1709, 1708
1612, 1698, 1699, 1710, 1709
1613, 1699, 1700, 1711, 1710
1614, 1700, 1701, 1712, 1711
1615, 1701, 1702, 1713, 1712
1616, 1702, 1703, 1714, 1713
1617, 1703, 1704, 1715, 1714
1618, 1704, 1705, 1716, 1715
1619, 1705,  184,  185, 1716
1620, 1512, 1706, 1717, 1513
1621, 1706, 1707, 1718, 1717
1622, 1707, 1708, 1719, 1718
1623, 1708, 1709, 1720, 1719
1624, 1709, 1710, 1721, 1720
1625, 1710, 1711, 1722, 1721
1626, 1711, 1712, 1723, 1722
1627, 1712, 1713, 1724, 1723
1628, 1713, 1714, 1725, 1724
1629, 1714, 1715, 1726, 1725
1630, 1715, 1716, 1727, 1726
1631, 1716,  185,  186, 1727
1632, 1513, 1717, 1728, 1514
1633, 1717, 1718, 1729, 1728
1634, 1718, 1719, 1730, 1729
1635, 1719, 1720, 1731, 1730
1636, 1720, 1721, 1732, 1731
1637, 1721, 1722, 1733, 1732
1638, 1722, 1723, 1734, 1733
1639, 1723, 1724, 1735, 1734
1640, 1724, 1725, 1736, 1735
1641, 1725, 1726, 1737, 1736
1642, 1726, 1727, 1738, 1737
1643, 1727,  186,  187, 1738
1644, 1514, 1728, 1739, 1515
1645, 1728, 1729, 1740, 1739
1646, 1729, 1730, 1741, 1740
1647, 1730, 1731, 1742, 1741
1648, 1731, 1732, 1743, 1742
1649, 1732, 1733, 1744, 1743
1650, 1733, 1734, 1745, 1744
1651, 1734, 1735, 1746, 1745
1652, 1735, 1736, 1747, 1746
1653, 1736, 1737, 1748, 1747
1654, 1737, 1738, 1749, 1748
1655, 1738,  187,  188, 1749
1656, 1515, 1739, 1750, 1516
1657, 1739, 1740, 1751, 1750
1658, 1740, 1741, 1752, 1751
1659, 1741, 1742, 1753, 1752
1660, 1742, 1743, 1754, 1753
1661, 1743, 1744, 1755, 1754
1662, 1744, 1745, 1756, 1755
1663, 1745, 1746, 1757, 1756
1664, 1746, 1747, 1758, 1757
1665, 1747, 1748, 1759, 1758
1666, 1748, 1749, 1760, 1759
1667, 1749,  188,  189, 1760
1668, 1516, 1750, 1761, 1517
1669, 1750, 1751, 1762, 1761
1670, 1751, 1752, 1763, 1762
1671, 1752, 1753, 1764, 1763
1672, 1753, 1754, 1765, 1764
1673, 1754, 1755, 1766, 1765
1674, 1755, 1756, 1767, 1766
1675, 1756, 1757, 1768, 1767
1676, 1757, 1758, 1769, 1768
1677, 1758, 1759, 1770, 1769
1678, 1759, 1760, 1771, 1770
1679, 1760,  189,  190, 1771
1680, 1517, 1761, 1772, 1518
1681, 1761, 1762, 1773, 1772
1682, 1762, 1763, 1774, 1773
1683, 1763, 1764, 1775, 1774
1684, 1764, 1765, 1776, 1775
1685, 1765, 1766, 1777, 1776
1686, 1766, 1767, 1778, 1777
1687, 1767, 1768, 1779, 1778
1688, 1768, 1769, 1780, 1779
1689, 1769, 1770, 1781, 1780
1690, 1770, 1771, 1782, 1781
1691, 1771,  190,  191, 1782
1692, 1518, 1772, 1540, 1507
1693, 1772, 1773, 1539, 1540
1694, 1773, 1774, 1538, 1539
1695, 1774, 1775, 1537, 1538
1696, 1775, 1776, 1536, 1537
1697, 1776, 1777, 1535, 1536
1698, 1777, 1778, 1534, 1535
1699, 1778, 1779, 1533, 1534
1700, 1779, 1780, 1532, 1533
1701, 1780, 1781, 1531, 1532
1702, 1781, 1782, 1530, 1531
1703, 1782,  191,  192, 1530
1704,  192,  193, 1783, 1530
1705,  193,  194, 1784, 1783
1706,  194,  195, 1785, 1784
1707,  195,  196, 1786, 1785
1708,  196,  197, 1787, 1786
1709,  197,  198, 1788, 1787
1710,  198,  199, 1789, 1788
1711,  199,  200, 1790, 1789
1712,  200,  201, 1791, 1790
1713,  201,  202, 1792, 1791
1714,  202,  203, 1793, 1792
1715,  203,    4,  120, 1793
1716, 1530, 1783, 1794, 1531
1717, 1783, 1784, 1795, 1794
1718, 1784, 1785, 1796, 1795
1719, 1785, 1786, 1797, 1796
1720, 1786, 1787, 1798, 1797
1721, 1787, 1788, 1799, 1798
1722, 1788, 1789, 1800, 1799
1723, 1789, 1790, 1801, 1800
1724, 1790, 1791, 1802, 1801
1725, 1791, 1792, 1803, 1802
1726, 1792, 1793, 1804, 1803
1727, 1793,  120,  119, 1804
1728, 1531, 1794, 1805, 1532
1729, 1794, 1795, 1806, 1805
1730, 1795, 1796, 1807, 1806
1731, 1796, 1797, 1808, 1807
1732, 1797, 1798, 1809, 1808
1733, 1798, 1799, 1810, 1809
1734, 1799, 1800, 1811, 1810
1735, 1800, 1801, 1812, 1811
1736, 1801, 1802, 1813, 1812
1737, 1802, 1803, 1814, 1813
1738, 1803, 1804, 1815, 1814
1739, 1804,  119,  118, 1815
1740, 1532, 1805, 1816, 1533
1741, 1805, 1806, 1817, 1816
1742, 1806, 1807, 1818, 1817
1743, 1807, 1808, 1819, 1818
1744, 1808, 1809, 1820, 1819
1745, 1809, 1810, 1821, 1820
1746, 1810, 1811, 1822, 1821
1747, 1811, 1812, 1823, 1822
1748, 1812, 1813, 1824, 1823
1749, 1813, 1814, 1825, 1824
1750, 1814, 1815, 1826, 1825
1751, 1815,  118,  117, 1826
1752, 1533, 1816, 1827, 1534
1753, 1816, 1817, 1828, 1827
1754, 1817, 1818, 1829, 1828
1755, 1818, 1819, 1830, 1829
1756, 1819, 1820, 1831, 1830
1757, 1820, 1821, 1832, 1831
1758, 1821, 1822, 1833, 1832
1759, 1822, 1823, 1834, 1833
1760, 1823, 1824, 1835, 1834
1761, 1824, 1825, 1836, 1835
1762, 1825, 1826, 1837, 1836
1763, 1826,  117,  116, 1837
1764, 1534, 1827, 1838, 1535
1765, 1827, 1828, 1839, 1838
1766, 1828, 1829, 1840, 1839
1767, 1829, 1830, 1841, 1840
1768, 1830, 1831, 1842, 1841
1769, 1831, 1832, 1843, 1842
1770, 1832, 1833, 1844, 1843
1771, 1833, 1834, 1845, 1844
1772, 1834, 1835, 1846, 1845
1773, 1835, 1836, 1847, 1846
1774, 1836, 1837, 1848, 1847
1775, 1837,  116,  115, 1848
1776, 1535, 1838, 1849, 1536
1777, 1838, 1839, 1850, 1849
1778, 1839, 1840, 1851, 1850
1779, 1840, 1841, 1852, 1851
1780, 1841, 1842, 1853, 1852
1781, 1842, 1843, 1854, 1853
1782, 1843, 1844, 1855, 1854
1783, 1844, 1845, 1856, 1855
1784, 1845, 1846, 1857, 1856
1785, 1846, 1847, 1858, 1857
1786, 1847, 1848, 1859, 1858
1787, 1848,  115,  114, 1859
1788, 1536, 1849, 1860, 1537
1789, 1849, 1850, 1861, 1860
1790, 1850, 1851, 1862, 1861
1791, 1851, 1852, 1863, 1862
1792, 1852, 1853, 1864, 1863
1793, 1853, 1854, 1865, 1864
1794, 1854, 1855, 1866, 1865
1795, 1855, 1856, 1867, 1866
1796, 1856, 1857, 1868, 1867
1797, 1857, 1858, 1869, 1868
1798, 1858, 1859, 1870, 1869
1799, 1859,  114,  113, 1870
1800, 1537, 1860, 1871, 1538
1801, 1860, 1861, 1872, 1871
1802, 1861, 1862, 1873, 1872
1803, 1862, 1863, 1874, 1873
1804, 1863, 1864, 1875, 1874
1805, 1864, 1865, 1876, 1875
1806, 1865, 1866, 1877, 1876
1807, 1866, 1867, 1878, 1877
1808, 1867, 1868, 1879, 1878
1809, 1868, 1869, 1880, 1879
1810, 1869, 1870, 1881, 1880
1811, 1870,  113,  112, 1881
1812, 1538, 1871, 1882, 1539
1813, 1871, 1872, 1883, 1882
1814, 1872, 1873, 1884, 1883
1815, 1873, 1874, 1885, 1884
1816, 1874, 1875, 1886, 1885
1817, 1875, 1876, 1887, 1886
1818, 1876, 1877, 1888, 1887
1819, 1877, 1878, 1889, 1888
1820, 1878, 1879, 1890, 1889
1821, 1879, 1880, 1891, 1890
1822, 1880, 1881, 1892, 1891
1823, 1881,  112,  111, 1892
1824, 1539, 1882, 1893, 1540
1825, 1882, 1883, 1894, 1893
1826, 1883, 1884, 1895, 1894
1827, 1884, 1885, 1896, 1895
1828, 1885, 1886, 1897, 1896
1829, 1886, 1887, 1898, 1897
1830, 1887, 1888, 1899, 1898
1831, 1888, 1889, 1900, 1899
1832, 1889, 1890, 1901, 1900
1833, 1890, 1891, 1902, 1901
1834, 1891, 1892, 1903, 1902
1835, 1892,  111,  110, 1903
1836, 1540, 1893, 1519, 1507
1837, 1893, 1894, 1520, 1519
1838, 1894, 1895, 1521, 1520
1839, 1895, 1896, 1522, 1521
1840, 1896, 1897, 1523, 1522
1841, 1897, 1898, 1524, 1523
1842, 1898, 1899, 1525, 1524
1843, 1899, 1900, 1526, 1525
1844, 1900, 1901, 1527, 1526
1845, 1901, 1902, 1528, 1527
1846, 1902, 1903, 1529, 1528
1847, 1903,  110,  109, 1529