1.000 17.056 5.687 0.000 0.699
2.000 17.988 6.118 0.000 0.427
3.000 18.605 6.600 0.000 0.389
4.000 19.286 7.962 0.000 0.619
5.000 19.122 6.396 0.000 0.870
6.000 16.575 8.153 0.000 0.266
7.000 19.489 9.894 0.000 0.484
8.000 16.216 7.461 0.000 0.786
9.000 18.198 5.855 0.000 0.557
10.000 17.493 5.407 0.000 0.956
11.000 16.171 8.729 0.000 0.133
12.000 18.365 6.882 0.000 0.221
13.000 16.791 7.240 0.000 0.713
14.000 16.962 5.081 0.000 0.830
15.000 16.401 8.404 0.000 0.048
16.000 17.606 8.841 0.000 0.910
17.000 17.331 9.688 0.000 0.303
18.000 18.783 9.101 0.000 0.155
19.000 17.850 7.732 0.000 0.090
20.000 18.880 9.390 0.000 0.522
