2.40364
2.42928
2.06145
1.33872
2.0733
2.7497
1.84347
2.28633
1.59685
1.68843
1.29217
1.56639
1.53884
1.48291
2.83628
1.53406
1.3454
1.92891
1.8581
2.75973
1.91661
2.87947
1.33267
1.56066
2.06995
1.50283
1.32809
1.76309
2.18728
2.31424
1.45027
1.48057
2.64159
1.82789
2.06758
1.4829
2.38334
1.83808
2.4573
2.17568
2.46242
2.71355
2.62873
2.31071
2.33576
1.60172
2.47611
2.04007
2.22982
2.75867
2.07741
2.59664
2.47604
2.08412
2.40018
2.18658
2.52158
2.49893
2.09786
2.60832
1.72946
2.59721
1.35404
1.35211
1.6
1.45486
2.22518
2.22304
2.23379
2.30823
2.45057
1.35351
1.81681
2.52853
1.51218
1.69826
2.62546
2.56614
2.86362
2.08946
1.40684
2.46161
2.91074
2.32808
2.63272
2.48537
1.55055
1.35596
1.37581
1.57851
1.3447
2.1499
1.4565
2.14523
1.93583
2.64756
2.62843
1.43421
1.55198
1.86441
2.59798
2.04705
2.43211
2.4679
1.47805
2.26236
2.39489
2.37514
1.48997
1.40294
1.50162
1.59263
2.10342
2.0285
2.51948
1.58008
2.3753
2.07387
2.12713
1.39505
1.51299
2.15285
2.54461
1.31398
1.4533
1.9768
1.467
1.38519
1.39603
2.91194
1.69655
2.0884
2.54283
2.45475
1.69294
1.31131
2.03304
2.26519
1.80578
1.8183
1.32787
2.69407
1.47153
2.97756
1.42
2.60674
1.45717
1.47358
1.55539
1.84174
1.92268
2.05427
2.49544
1.48056
1.43561
1.5056
2.53968
1.34989
1.36093
1.58568
