3427.639979
3068.609847
2410.440033
800.9240369
2568.585017
4345.993525
2227.419812
3318.55075
1487.422343
1388.85163
446.0738553
1439.017025
1382.750624
973.1988901
4778.076613
1204.252566
947.404531
2086.084451
1856.54814
4452.402718
2642.08036
4994.222174
593.7380912
1403.599154
2759.006559
970.3524419
577.3162112
1678.100301
3069.532081
3029.696568
1236.714471
1043.329919
4366.503978
2267.887945
2969.091403
826.2795547
3458.007752
1386.706164
4121.383774
3187.525553
4153.000732
4421.424483
3725.854831
3362.153469
3763.036763
988.2085103
3530.615172
2609.20063
3041.763725
4331.608094
2641.827656
4149.548998
3372.861077
2377.418167
3129.391073
2417.849999
3818.308594
3250.604614
2659.898503
3883.958085
1784.27082
3731.394068
690.0454509
850.0675081
1102.58199
655.6086652
3014.232507
3296.123261
3422.102509
3264.247527
3754.125421
674.8366957
1660.7566
4283.733405
718.9547548
1547.848378
4225.653338
3540.93744
5024.83197
2993.179879
533.5032897
3519.216174
4672.50967
2857.455372
3820.930353
3837.860145
1320.763023
762.7977052
585.5075609
1344.096914
764.4721791
2831.284264
572.2417228
2792.53462
2669.955618
4265.276588
4367.379759
1078.362423
1265.971993
1285.782002
4186.47374
2714.834377
2922.124804
3195.082209
951.075396
2462.564628
2536.745051
2583.835859
1049.508017
1004.058345
1049.881094
1139.970807
2031.936836
1557.977332
4405.826254
1493.325052
3091.988915
2530.280246
2970.97354
846.3712661
1368.598754
2774.215573
3830.106589
655.3788098
1103.162633
2837.26404
490.8970274
429.29324
531.2549485
4920.296748
1047.868723
2902.702347
3902.306007
3117.778856
1146.577312
57.42627125
2464.719419
3212.738482
1802.999015
1793.77094
525.1567386
4356.992071
564.6668541
5013.517194
515.8883297
4121.300795
1081.994313
736.3108676
1391.694575
1898.302772
2080.033241
2827.743106
3511.106181
839.1591278
4.438642672
790.9957001
3904.085239
485.4925302
600.4354722
824.6976557
