23.285 5.025 -9.106 1.512
24.608 5.981 2.019 1.8
24.324 8.943 10.335 0.548
23.762 20.312 -13.663 0
19.407 11.105 -0.97 0.144
15.13 5.055 -12.964 1.376
27.874 8.2 -7.086 0.308
20.164 6.991 -8.712 0.878
21.335 16.43 -7.45 0.204
27.017 14.259 10.989 0.744
29.86 19.264 -7.521 0.546
20.393 17.461 -9.75 0.269
20.566 18.05 -10.14 0.082
26.367 16.265 -9.89 0.912
16.504 3.076 2.549 0.248
26.757 15.788 -0.87 0.568
24.374 20.166 -14.322 0
20.342 12.823 -12.841 1.178
22.328 13.041 5.52 0.52
17.553 3.797 3.816 1.48
27.208 6.663 -10.749 0.136
15.256 2.734 -9.405 0.394
28.766 20.54 -5.641 0
19.605 18.503 -10.941 0.139
23.831 7.52 -6.002 0.732
24.52 19.938 5.269 0
28.049 19.543 -9.483 0
17.448 17.754 -9.854 0.246
23.556 6.489 3.365 0.1
19.07 8.851 -4.194 1.274
23.533 18.314 -11.756 0
20.938 20.78 -6.623 0.068
21.015 2.546 -12.764 1.548
28.495 7.669 -10.07 0.262
27.43 5.032 -8.835 0.395
25.004 19.182 2.151 0
22.003 5.452 9.167 1.066
23.626 15.064 2.4 1.542
19.489 4.169 -14.948 0.448
27.327 4.177 -9.186 0.533
22.448 2.575 -0.172 0.744
19.349 3.141 -10.843 1.67
24.538 3.522 -0.64 1.976
17.904 8.093 -6.843 0.374
21.625 4.454 -13.599 0.702
27.86 15.259 -5.344 1.278
17.093 7.608 -1.933 1.03
29.349 5.692 -7.403 0.587
18.426 9.377 -1.75 0.136
15.598 4.946 -1.005 1.298
23.913 8.231 2.846 0.034
16.26 5.367 -11.603 0.98
16.66 8.67 8.802 0.228
24.459 8.973 7.025 1.088
15.731 9.94 0.463 0.832
16.29 13.206 -7.241 1.308
18.354 5.827 4.758 0.912
22.704 6.204 -13.389 1.84
23.402 8.242 4.341 0.642
17.413 6.02 8.696 1.19
18.631 16.243 -8.956 0.23
18.589 6.135 5.945 1.642
29.107 17.627 -9.532 0.05
23.253 20.358 -13.049 0
26.051 15.869 6.303 0.236
29.786 19.08 6.892 0
21.287 7.832 6.011 0.338
22.878 5.901 -1.469 0.01
23.733 4.774 -9.615 0.78
21.564 6.568 8.337 0.424
19.543 5.588 3.119 0.496
29.071 19.3 -5.134 0
22.844 13.758 -14.468 1.336
22.39 2.119 -10.017 1.208
24.739 20.487 10.336 0
18.779 18.171 -6.284 0.039
19.211 3.865 -4.979 1.428
15.072 8.322 -4.528 1.144
15.384 2.67 -14.136 0.078
24.211 6.346 -12.062 0.69
29.66 18.251 5.118 0.646
18.161 7.202 -5.57 1.39
15.819 3.748 10.7 0.276
23.342 7.483 -4.383 1.632
16.156 6.756 6.311 1.242
19.709 5.249 4.851 0.21
28.787 12.668 -10.26 0.251
29.284 18.197 -8.789 0
28.675 20.688 0.465 0
19.224 18.854 -10.491 0.371
25.763 20.965 -6.879 0
18.575 10.126 -6.095 0.594
29.686 18.555 5.809 0
16.46 11.466 -13.33 0.09
27.519 6.446 -7.825 0.039
17.744 4.372 1.452 1.13
20.284 2.821 6.874 1.046
20.276 20.416 -10.67 0.325
19.489 19.383 -7.211 0.349
24.146 15.553 -4.36 1.736
18.965 4.125 7.342 0.612
23.604 7.962 -2.603 0.352
24.193 6.893 -3.475 1.862
16.77 9.223 14.418 0.886
23.682 18.968 -2.842 0
17.369 12.57 -2.915 1.652
24.014 8.768 -5.998 1.936
22.601 9.3 0.835 1.89
29.965 14.338 -8.338 0.008
25.887 18.528 -10.039 0
25.264 18.417 -0.159 0
23.388 19.23 9.46 0
15.866 15.828 4.412 1.076
21.96 15.275 -8.558 1.908
20.035 2.889 -11.813 0.406
19.861 17.55 -11.012 0.175
21.963 7.14 0.091 1.562
20.848 10.242 0.329 0.764
20.409 8.417 -13.854 0.668
24.063 19.598 -8.008 0
21.559 18.432 -6.114 0.304
16.743 11.36 -9.028 0.292
16.044 6.819 -5.152 0.57
28.38 20.106 -11.012 0
21.018 19.91 -6.426 0.164
29.831 4.447 -11.073 0.285
29.954 19.708 7.082 1.332
29.264 19.431 1.703 0.992
29.479 20.721 4.19 0
16.969 2.331 11.241 0.598
26.826 15.478 -4.806 1.514
21.849 8.053 -8.067 0.284
18.747 5.306 -2.919 1.34
16.822 9.804 14.919 0.15
26.625 14.86 -1.688 1.382
26.247 19.646 -2.734 1.248
24.835 8.609 5.543 0.054
18.282 8.503 -8.168 0.636
17.32 17.247 -10.3 0.06
21.638 13.917 3.023 0.42
28.477 19.845 -7.699 0
21.175 2.436 12.445 1.53
29.916 19.914 9.615 0
16.465 2.292 9.814 0.182
29.518 18.364 5.484 0.838
17.24 5.147 -3.108 1.106
26.587 15.525 -12.728 0.446
28.994 18.727 6.29 0
21.732 16.88 -8.754 0.15
17.52 16.505 -7.822 0.021
17.956 14.43 -3.368 0.604
28.14 5.323 -11.266 0.507
17.118 7.685 -10.292 1.332
24.618 19.329 1.737 0
26.174 20.899 12.604 0
26.754 18.257 4.457 0
20.759 4.312 14.329 0.77
28.002 20.633 -3.079 0
25.964 20.775 -3.745 0
24.242 19.735 14.038 0
