1.000000000000000000e+00 2.109676637407117283e+01 2.068816925952719998e+01 1.736838179638567237e+00 1.127546211946321320e+00
2.000000000000000000e+00 2.653318583673815212e+01 2.039924702737627271e+01 -8.077231198288242098e+00 1.731424004792081472e+00
3.000000000000000000e+00 2.994375695405734916e+01 1.550918388730846864e+01 -1.379747819364067496e+01 6.452086461024404418e-01
4.000000000000000000e+00 2.989591741115838630e+01 1.609866146072716475e+01 -1.332219890898734427e+01 1.154228702422166908e+00
5.000000000000000000e+00 2.219724541268144336e+01 2.058263310527779666e+01 -1.352176565371698658e+01 6.667399044742872150e-01
6.000000000000000000e+00 2.608531363467261599e+01 2.094300533540708997e+01 -3.261478061217349733e+00 1.888907644457862745e+00
7.000000000000000000e+00 2.117239633678851618e+01 2.089980191954932209e+01 1.481583206854915957e+00 1.945322680802139326e+00
8.000000000000000000e+00 1.801180658297608517e+01 2.096054608463327185e+01 -3.892526940013585346e-01 1.545678421555373383e+00
9.000000000000000000e+00 2.424212978775486249e+01 2.061757048547295668e+01 -1.574161170907696361e+00 1.883630109455280310e+00
1.000000000000000000e+01 2.670789839908312757e+01 2.099078631665701877e+01 -3.721563952622701343e+00 1.916893223438765892e+00
1.100000000000000000e+01 2.888712849093924007e+01 1.599655769463794996e+01 -1.476331790375904873e+01 5.782716804042676850e-01
1.200000000000000000e+01 2.317790904689103471e+01 2.089510557012569691e+01 -9.854321444993042078e+00 5.733103680839475302e-01
1.300000000000000000e+01 2.638027679006434667e+01 2.094835678580383842e+01 -2.539688837080236183e+00 8.747504168327184804e-01
1.400000000000000000e+01 2.630232366572769109e+01 2.074484723565932853e+01 -1.174447435054481126e+01 1.574403097202237367e+00
1.500000000000000000e+01 2.699279043735137407e+01 2.096518683638118574e+01 -7.167938061593187804e+00 1.157718931889602398e+00
1.600000000000000000e+01 2.227590156515474362e+01 2.081891636945165303e+01 -1.213786201034680623e+01 1.107233367828847515e+00
1.700000000000000000e+01 2.712474719052855576e+01 2.074134581992894866e+01 -1.129122569656301245e+01 1.523467561608832899e+00
1.800000000000000000e+01 2.205904467244360490e+01 1.794275183943532070e+01 -4.087972203900581469e+00 5.850289845699121472e-01
1.900000000000000000e+01 2.977006350318870176e+01 3.858856148920352780e+00 1.497415930761308900e+01 1.912967530128078630e+00
2.000000000000000000e+01 2.799358675050699929e+01 6.460661241788473674e+00 1.454976130341368190e+01 1.330202205894498668e+00
2.100000000000000000e+01 2.493987161956999898e+01 2.097727463072417464e+01 -6.696946256119188590e+00 9.950088119041998747e-01
2.200000000000000000e+01 2.780976508868024411e+01 2.080670886453308199e+01 -8.693483262514977383e+00 1.862042087180492800e+00
2.300000000000000000e+01 2.586910769545241706e+01 2.062827419161189013e+01 7.396486154506689559e-01 1.742097842833789434e+00
2.400000000000000000e+01 2.385872218124848487e+01 2.087979849582102077e+01 -5.208947567573559922e+00 1.459112270396636157e+00
2.500000000000000000e+01 2.771682132151106259e+01 2.091672485014279914e+01 -6.231104610722377757e+00 8.058589334671071303e-01
2.600000000000000000e+01 2.689740991027959183e+01 2.058839433085560700e+01 -9.346913929862553871e+00 9.973007075381480346e-01
2.700000000000000000e+01 2.381549162300406763e+01 2.090758893488475323e+01 -2.254603638987838554e+00 7.615457763753927800e-01
2.800000000000000000e+01 2.373585540960390716e+01 2.042496092252090989e+01 -5.933649690156412859e+00 4.320243793417659628e-01
2.900000000000000000e+01 2.980176716593733133e+01 1.731909008756608870e+01 -1.273053539653210464e+01 4.095574439068797590e-01
3.000000000000000000e+01 2.708934637592980010e+01 2.053362256683305631e+01 -7.617082038316006276e+00 1.133553740118087738e+00
3.100000000000000000e+01 2.409719796116896973e+01 2.080960070022073793e+01 -7.227569800303188075e+00 6.879927465191981728e-01
3.200000000000000000e+01 2.673502808123339491e+01 2.068719461880045074e+01 -5.498411522038826327e+00 1.152138558250831668e+00
3.300000000000000000e+01 2.320302407905681719e+01 2.060041225353047878e+01 2.974046936477714898e+00 1.803632674310758910e+00
3.400000000000000000e+01 2.441675986179028968e+01 2.052694870945602901e+01 -7.947576699290602065e+00 9.166591397842518418e-01
3.500000000000000000e+01 2.093564471863328436e+01 2.069583924066052205e+01 -1.279479995158121497e+00 1.183165092062337553e+00
3.600000000000000000e+01 2.556635261853448071e+01 2.092572725024507108e+01 -8.006573828379110580e+00 6.854280284067744144e-01
3.700000000000000000e+01 2.396221223760985808e+01 2.070700652344447334e+01 -4.461233657793799878e+00 1.302375378409672324e+00
3.800000000000000000e+01 2.956895474675491187e+01 1.623063352589044328e+01 -1.432551398012719268e+01 6.683375086949241428e-01
3.900000000000000000e+01 2.980291412094160819e+01 2.093194121706715549e+01 -1.159882741510255855e+01 1.965365615867122662e+00
4.000000000000000000e+01 2.224909569037808055e+01 2.041987136646061529e+01 2.171938289200531891e+00 1.305776455411800097e+00
