19.86 1.619 0.382 1.883 1.310547279
19.989 2.822 0.7 2.005 0.643331362
17.507 2.471 0.791 1.649 1.202214227
19.202 2.74 0.516 2.181 1.028183292
21 3.246 0.734 1.18 0.849798585
21.786 2.335 0.939 1.492 1.263943669
23.741 4.485 0.726 2.057 1.588741911
15.851 1.587 0.634 2.155 1.458053865
21.635 3.669 0.572 1.43 1.233680605
18.488 3.987 0.508 1.321 1.205428136
18.825 2.551 0.84 1.222 1.19399926
21.897 2.028 0.531 1.337 1.028024229
22.419 1.457 0.25 1.573 1.132502508
18.682 1.814 0.494 1.716 0.752402206
17.298 1.19 0.413 1.734 0.80008131
22.674 3.28 0.744 2.096 1.410613963
24.186 1.294 0.145 1.167 1.008481404
15.956 2.185 0.947 1.272 0.856699101
15.079 3.738 0.847 2.031 1.133447804
21.277 3.313 0.683 1.616 0.966690528
22.001 3.212 0.58 1.618 0.967703062
20.235 3.937 0.991 1.874 0.959549847
16.87 2.431 0.689 1.749 1.11337894
15.747 4.217 0.315 2.105 1.002168419
23.888 3.919 0.882 1.848 1.148794488
15.36 4.236 0.476 1.381 1.081082131
16.313 3.858 0.606 1.496 0.783274445
19.72 1.747 0.72 1.15 0.880880345
20.027 1.323 0.549 1.914 1.297235199
18.16 2.204 0.459 1.134 1.20588015
20.58 4.08 0.766 2.167 0.839053637
17.105 3.152 0.556 1.259 1.541151615
23.261 3.195 0.375 2.045 1.191330292
16.157 1.107 0.403 1.166 1.053227569
23.36 2.235 0.393 1.24 1.132378487
17.357 1.148 0.466 1.757 1.230861517
17.696 3.643 0.348 1.86 1.164852307
16.483 2.626 0.81 1.524 0.987999987
24.937 1.938 0.815 1.374 0.948096801
24.227 1.52 0.107 1.393 1.394664888
23.008 1.249 0.764 1.992 0.700905725
23.2 1.999 0.795 2.064 1.20843575
20.851 1.973 0.222 1.671 1.240913299
23.982 2.931 0.44 1.105 0.874912593
24.854 2.389 0.212 1.48 0.916360217
16.282 3.138 0.5 1.285 0.946936493
22.298 2.07 0.963 1.818 1.357803232
15.515 3.067 0.136 1.466 1.002078797
24.784 2.773 0.206 2.198 1.397682723
20.425 4.026 0.863 1.603 1.254735709
17.75 1.475 0.587 1.538 1.358548102
19.42 1.861 0.652 1.81 1.197264818
19.318 3.098 0.253 1.906 1.163333718
18.913 3.76 0.161 1.634 0.765169345
20.692 2.727 0.894 2.131 0.677233106
21.954 2.524 0.324 1.357 0.849938675
17.905 2.296 0.901 1.295 1.187332545
24.422 3.35 0.563 1.933 1.019084642
21.589 2.098 0.824 1.319 0.947176745
21.394 1.648 0.334 2.177 0.799168864
24.574 4.183 0.711 1.127 0.964633505
22.167 1.214 0.623 1.699 0.910521908
20.777 3.698 0.123 1.218 1.118173182
18.05 4.426 0.621 1.782 1.279274301
20.916 4.298 0.268 1.791 1.019701606
19.119 3.466 0.367 1.398 1.074820465
24.676 3.511 0.978 1.726 0.913238885
20.305 3.597 0.925 1.117 0.967718543
18.547 3.025 0.294 1.69 0.692203422
15.602 3.54 0.873 1.553 1.280136129
16.588 1.894 0.996 1.516 0.793762934
16.092 3.844 0.485 1.66 1.621664088
20.183 4.451 0.235 1.798 0.999360661
19.608 4.106 0.15 1.968 1.248479159
16.955 4.357 0.182 1.99 1.102475299
24.326 1.436 0.231 1.897 1.378801376
16.752 3.799 0.337 1.307 1.058459991
23.492 3.395 0.658 1.564 0.695991894
23.695 1.392 0.278 1.942 0.778677695
22.391 2.633 0.835 1.855 0.770367376
17.077 4.136 0.533 2.14 1.303406749
19.505 1.695 0.964 1.545 1.419730772
15.266 2.409 0.596 1.975 1.26006299
22.504 1.357 0.931 2.023 1.170592303
18.22 4.293 0.167 1.677 1.013935042
22.809 2.256 0.431 1.764 1.256701185
24.005 1.781 0.75 1.45 0.980113995
15.47 4.012 0.179 1.46 1.060805979
15.16 2.86 0.109 2.113 1.136183169
18.715 1.715 0.643 1.413 0.665473374
19.078 4.375 0.667 2.089 0.915591896
21.492 3.415 0.359 1.199 0.980113995
22.726 3 0.421 1.343 1.323034736
22.998 2.573 0.305 1.589 1.194509763
16.692 1.544 0.889 1.44 1.046209936
21.197 3.559 0.287 1.192 0.804175402
23.564 2.138 0.918 2.073 1.11422076
18.399 2.883 0.196 1.252 1.167989427
17.874 2.69 0.442 1.834 0.9001196
17.444 2.948 0.779 1.955 0.893289082
