2814.350604
2773.804922
3072.612934
2773.804467
4151.756928
3266.416891
2773.804467
2773.814848
3307.968602
3626.366939
4078.589914
3635.173376
3102.321027
2975.415056
3000.85433
2773.804467
4229.225406
3992.987496
2776.034032
3003.293619
2986.438194
2785.069497
2957.819469
2773.804467
2776.8399
3521.690599
3273.529823
4460.971731
2806.302533
4499.625716
2773.804467
3914.035395
2773.804467
4472.690144
3900.035348
2979.05341
2802.595873
3297.461029
3497.854644
3422.153696
2774.141494
2773.804467
2968.015733
4515.589849
3173.001725
3841.008213
2834.788225
3364.302543
2773.804467
3014.603287
3293.62011
2874.90463
2780.739914
2971.267631
2773.804467
3525.129329
3859.231274
2773.804467
3712.553538
2773.804467
4303.063076
2962.512534
3891.61084
2837.109864
2793.474455
3428.846569
2839.581067
4499.130844
2946.423545
3218.394715
3360.246936
3009.362225
2792.382436
2773.804467
2773.804467
2777.331968
3703.478987
3036.558145
2774.252743
2795.265804
2773.804467
3248.204185
2806.419225
2773.827408
2913.596343
2845.54702
3333.220038
3327.122059
2773.804467
3529.06248
2773.804467
4006.572096
3530.676487
3019.305505
3543.298688
4017.763266
2773.804467
3888.513252
2843.520557
2786.786806
