1.30256
1.25572
1.23625
1.2602
1.0341
1.17627
1.41935
1.36692
1.22598
1.14294
1.11241
1.11943
1.31182
1.26169
1.43373
1.31601
1.12389
1.25136
1.24745
1.26954
1.28814
1.28368
1.25603
1.27821
1.37461
1.19766
1.21228
1.26602
1.33935
1.2454
1.30914
1.13732
1.35035
1.47104
1.05578
1.44212
1.28107
1.22873
1.12661
1.2637
1.34695
1.26289
1.28426
1.13752
1.29634
1.17395
1.2479
1.27526
1.37854
1.27094
1.31271
1.25138
1.29391
1.3153
1.25181
1.16714
1.15417
1.37064
1.08893
1.30147
1.02284
1.34921
1.11401
1.28359
1.37346
1.19615
1.35821
1.17001
1.27678
1.22164
1.2565
1.25487
1.36857
1.35059
1.3109
1.3621
1.16264
1.30584
1.35223
1.27522
1.26717
1.2227
1.29234
1.30428
1.32827
1.29208
1.17609
1.25612
1.30777
1.21045
1.29671
1.04162
1.16428
1.29975
1.31022
1.0477
1.26739
1.1383
1.26484
1.24158
