2.01414
1.97144
1.93055
2.09301
1.80855
2.05185
1.95283
1.90898
1.93423
1.91589
1.83892
1.94614
1.99427
2.03551
2.01348
2.00431
1.96763
1.94253
2.03592
1.99047
1.77245
1.76359
1.88578
1.96871
2.02009
2.00577
2.15375
2.03139
1.97036
1.97761
1.96812
2.11095
2.02433
1.99494
1.91978
1.93506
1.99719
2.00922
1.99926
1.86566
2.0844
1.93443
1.92152
1.87944
2.03725
1.87249
1.91708
1.89407
2.02004
1.73742
1.93954
1.93147
2.12868
1.9352
1.92603
2.05526
1.94797
1.96966
1.93593
2.15011
2.01076
1.83155
2.14935
1.94117
1.99533
1.96526
2.03925
1.894
2.08434
1.81983
1.99475
1.90411
1.9811
1.97167
2.00944
1.92504
2.18912
2.02816
1.98463
1.98897
1.85789
2.00546
1.88972
2.06881
2.03399
2.01431
2.01551
1.91906
1.82913
1.92295
1.9516
1.86902
1.93905
1.97207
1.93676
1.95906
1.9751
1.93281
1.7836
2.01444
