2781.321597
2781.08954
2781.08954
3317.970294
3876.200902
2937.342238
3324.830159
2784.306259
2934.472305
2810.322808
3854.993822
2819.182024
2912.386246
3284.58133
2781.08954
2883.558346
3823.307068
2807.768337
2799.164573
2781.08954
4010.457973
4002.426802
4101.14041
2809.261734
3034.580945
2933.893828
2966.421946
4571.166752
2781.08954
2787.71046
2781.08954
2798.445637
2822.855848
2781.08954
2781.08954
2786.140356
3481.880775
2781.08954
2782.11589
4587.95997
3500.019982
2781.08954
2957.671373
3244.876215
3996.911685
3586.997816
2981.443178
3209.12302
2922.055162
4356.920397
2781.08954
2781.08954
2781.08954
4586.730456
3857.858532
2925.448893
3087.878275
2952.732573
2781.08954
2945.31536
2979.391501
3444.811237
2781.08954
2781.08954
2795.275223
2781.08954
4532.248352
3458.183016
3244.676576
4226.353849
2786.215721
2975.336858
2781.08954
2787.880554
3028.768647
3376.747878
4512.18521
3254.646728
3197.446138
2781.08954
3469.7273
3182.70622
3270.756034
3317.395662
2795.190942
2911.757622
2781.08954
3903.241708
3682.087678
2781.094845
2781.08954
3585.356577
3669.825564
3486.195293
3848.490602
2781.08954
3236.404589
2781.08954
4189.139068
2844.49337
