1.22855839763944
1.65528228433367
0.645741007641988
1.32376224637360
1.16823493907522
0.803650904345056
0.982604912616319
1.17466339331903
2.47244935655321
2.05268465122359
0.795888649284705
2.18193130152105
1.28276894171047
1.07001790785422
1.27962731241492
1.03565679715005
1.05508866430293
1.52929746273812
1.50118671422131
1.50400606871377
1.26696255420441
0.822387168639811
1.28036205740858
1.57953756210592
1.21485359628992
1.37734453822189
1.28320593869899
1.01246362434360
1.16156524291988
0.905835968651036
1.33177015481577
0.833894720400712
0.849028775450970
0.901219264424787
0.551558510916602
1.51135329728682
1.16996265506767
0.912601918797861
1.48787164067328
0.732369016711532
1.06041701684971
1.02700334285309
1.16835357332902
1.16664893682700
0.889812621996232
1.07817112976926
1.04524972803344
1.25426617645395
1.39602527483483
1.40117457067847
0.890063790969688
1.10513842259371
0.821134043278182
0.840358102859608
1.08394011824044
1.54447334680697
0.909513757510606
1.18245777489760
1.03075711256286
1.40378185192130
0.845094534797746
1.09380913360410
1.23276451474709
1.39838549821021
1.54859294533031
1.10731942928607
0.770367376200899
0.915256049723436
0.850453286687895
1.86410895535765
0.942319935991943
1.28947565368634
1.03864995330841
1.33183594927265
0.910521907698084
0.786357419701161
0.782729227252494
1.21465805959094
1.04224987667958
1.03778195834895
1.50473881776547
1.16095438379015
1.13618316918010
1.56415977709603
0.902263056534901
1.27430587821809
1.31554138884401
1.02646773321458
1.14085972777641
0.830301742762526
0.833725444827779
1.11215457244278
1.28183985537514
1.96765207842245
0.931269240295708
1.13344780371663
1.06524443328067
0.695991893750335
0.981391113856851
0.718493853552028
1.31714218383271
0.885086964831213
1.11093206047701
0.957850422462657
1.16414602008410
0.945636433269695
1.21515304199486
1.28689394951398
1.60948169012438
1.03824272057093
0.663886746540962
0.895003718105870
1.48250718870599
0.848387567164920
1.35418174747150
1.11707030551491
1.51076814791115
0.691543658195534
1.03738945028751
0.822319349666398
2.11916014579206
1.31255858562261
1.49084274449882
0.851118890069327
0.974721413873320
1.01970160599222
1.39768272325645
1.01843533163567
1.27574783109334
0.677233105882432
1.00079282010747
0.898303858602618
0.755371868626881
1.22019682193528
1.15839374173155
1.09404121656582
0.798861314991403
1.40705832328083
1.17670630645908
1.01348290401394
1.09137968055048
1.02216104274337
0.725879802424417
1.01661479771916
0.896697873786332
0.866719880707973
0.832106887946594
0.960270628401556
0.684937138342936
1.35520234147507
1.22359326473667
1.08065960448616
1.07700135434875
0.903571876265631
1.37228278608088
1.05288917973121
0.921120944943721
1.48141354838464
1.03094995395165
0.948096800615576
1.01472199456883
0.893289081901643
0.839078088280262
1.94091193975948
1.58874191061766
1.16522137695692
0.813052807904878
0.889692268703901
1.04245150873541
1.30239346638117
0.799168863954376
0.635278724384299
0.777933392771390
1.17220371825324
1.18790272289082
1.20449967329201
1.05359964578953
1.13249877594137
0.973033090787926
1.32371605710820
0.793730161224475
1.20542813604606
0.893128195957974
1.00516731427286
1.23283719416570
1.37873836919023
0.839558692162550
1.45082086287299
1.26365830128984
1.06883463434612
1.03798063651828
1.03265023874384
1.01254124256737
1.09141879770154
1.09853204863645
1.31281337281954
1.54246632239599
1.20872770831943
1.03452660710995
1.25354029941138
1.13237848654582
0.856699100869458
1.35053259118506
1.16509455508067
1.11993230572414
1.22223929334937
1.15292415668513
0.874272014940097
1.04586086520077
1.04978506118715
0.960612083045657
1.59849383417302
0.887594979559219
0.971319856030661
0.921656171613386
0.828705171412261
1.03869271374665
1.01932623243384
1.54356501179433
1.02521496720275
0.849938674723364
1.56983918479553
1.44217762265819
1.02979929265978
0.767790225952741
0.980113995343725
1.04740069589258
1.15681866102533
1.02235661262640
1.20221422670831
1.18805043488854
0.814257891533844
0.872970943975868
0.915507798940624
0.965972386014774
1.00848140398568
1.08876702361942
0.540893550921037
0.977325654184767
1.44475699655669
0.849452447666066
1.34572847414083
1.17674462755136
1.07843043142242
1.13217663320202
0.757459750415810
1.06474350004103
1.57001577348959
1.11048626241665
1.09602931626203
0.916969662735336
1.07798207849611
1.14524411869672
1.19751328439727
0.996438352649833
1.02818329247832
1.72914472802060
0.645814216102518
1.81294122387733
1.17329690856193
1.36641701169445
0.740388801175982
0.947877557060795
1.01839030442259
1.19650237636403
0.739361609465973
1.21004058522631
0.821373902084151
1.10230309816210
1.26139702893278
1.17046581017286
1.39261560824785
1.36830909589274
0.934698955805957
1.15177118877342
0.873690670405877
0.801048844445250
1.34297589691476
1.08566149145915
1.07202207535617
1.33875125012575
1.24474694954927
1.17671219653887
1.44735215631795
1.34450992812211
1.14719927008276
0.926255607660448
0.934560108939159
1.42812362985968
0.749354594260186
1.07955806687435
0.693463380019928
1.37285504908269
1.32362310756406
1.08593925430074
1.06810435501501
0.612830251173609
1.24091329866846
0.655680254285335
0.636827497237960
1.10579303782405
0.872866530599964
1.19341727136932
1.26856063667507
1.32241087460579
0.926085613562739
1.20386216424390
1.11107017896995
1.31281554933387
1.22813177655112
1.33468104200024
1.05319910184941
1.04950819692759
1.36884304273530
0.666135116843143
0.966690528052125
0.810536651501025
0.994200383938789
1.26033081205193
1.31271203092192
0.859624999145060
0.974171342547974
1.12040892080131
1.01516324193676
1.16369032859685
1.19024851607708
0.876592406854385
1.04238050468330
0.664843401630530
1.41285319014006
0.939400973068911
0.823075381828070
1.02405550401958
0.781601098045543
1.08045338439287
0.954302145113443
1.79152481393241
1.41061396327916
0.611337627709024
1.20163508452783
0.787104933461393
1.02379397911728
1.12748663914594
1.28937400365163
1.01956616370521
1.56006430128645
0.971963001613898
1.17058753949240
1.26499333478899
1.10713033265533
1.32949230808892
1.16943067426160
0.906489694988544
0.716728719205381
1.66471574252595
0.944722623255592
1.11176711130109
1.23578501171355
1.11438793250088
0.881695056696992
0.974923426019724
1.05490774501225
1.52552476417808
0.890644783052309
1.30037378876240
1.16551299326949
1.02879703838620
0.851355302245083
1.01696793332529
1.06421691807729
0.774310082951734
1.13471318867797
0.898571096348039
1.06237043436014
1.17293255939810
0.881709688827168
1.01600578435455
1.17667473561012
0.711720787196389
1.37775100657763
1.89610933596011
1.35369802147952
1.00959619767463
1.19812905809175
0.855474927434629
1.67211126983698
1.34788947629653
1.30117478200960
0.887565395949521
1.16855308778619
0.954822633307190
1.01060507861963
0.952253236013311
0.857494318075634
0.880880345019139
1.03448282790132
0.734503341606721
1.24847915919648
1.05662978935508
1.27504934805455
1.15511186612841
1.21636150324720
0.771869465264594
0.858573658525463
0.979580512925440
1.11337893992400
1.40746102463311
1.01560704346163
1.45111854682686
1.21109597264812
1.42222828763455
1.11781493757008
0.933429670726293
0.772175223718500
1.12517713268483
1.31054727905136
1.01499403475502
0.958675274090804
1.01125323456389
0.843632375042019
0.969267883203603
1.04144373113456
1.09715609061929
1.06983869831812
1.24955201629562
1.11329164727035
1.64773490353778
1.16642496556994
1.64413033547297
0.919302604648085
1.22542022276260
1.02257126904909
1.24633940944607
1.24456004316412
0.656648136100714
0.800081310055228
0.779381110768691
1.19077248050061
1.52245520790653
1.00703536557742
1.30867123308502
1.23078506411724
0.852401664779421
1.18957418399593
0.913238884801120
1.53867151527551
1.07754758923626
1.58163310921218
0.984535377208098
1.24327332509590
1.07008279455014
0.681899802946860
0.866136947051339
1.24989007076397
1.07203015892920
0.839347600410335
0.939987164630519
1.14977593677994
0.863970749041986
1.35854810167145
0.936893952290431
1.64578324585724
0.846884267169995
1.13654343025275
0.765169344933625
0.919194851677110
0.947176744517097
1.19063331571735
1.34833253385536
1.16333371779242
0.996378328125893
1.30962437877957
1.30463331116314
1.11608298479476
1.23808392197630
1.19377563610255
0.865175218614839
1.29288831632465
0.933346939728315
0.944855526452614
1.13074394512100
1.01151803498896
1.05322756857548
1.24496855238992
1.38119566212204
1.03732731923544
1.17063224497628
1.02774662140924
1.14451994939248
1.20126782942907
0.942046014282822
1.15649105309626
1.24661449499413
1.10894469099845
1.61614151195074
0.943847939537421
0.916360216633247
0.725935410049272
1.33855275777670
1.32525778158849
1.06588202884667
1.33486142242392
1.13250250782853
1.16074232582573
1.11422075973382
1.20125519856242
1.11133319093857
2.06115211971471
0.830144952838923
0.708708638841336
0.835120997207219
0.844263195951058
0.982601008676879
1.04438681519491
1.03243004101746
1.22959509692193
1.18733254513938
1.29041087054211
1.63423836223010
1.43832953112036
0.808179656050402
0.635412087889155
1.33592273836708
0.711756876281739
1.10244682414786
1.09454449149921
1.81199176599638
1.06850313207472
0.966082253946559
1.14615656790845
1.14879448818973
1.10328092947150
0.943842932410413
0.819534754777291
1.16762653805778
0.797174308013405
0.856223024909868
1.47455707866281
0.985930188743870
1.05117018908300
1.33527483706718
1.01323934842937
1.37565794106232
1.00281679174305
1.37042708791267
1.25473570905741
1.03374128461096
0.889645353001975
0.854074456131819
1.02026477666007
0.981577304960360
0.988252460628883
1.36123640705006
1.01380204311470
1.41230645968316
0.960698532070316
1.35780323161717
0.962771084666092
1.13064797575458
1.35723250664493
0.987048977916307
0.981548145285202
1.72109006013280
1.35108302338959
0.982963905155652
1.26040660977221
0.999360660678868
1.27702296434387
1.50354144871910
0.750616358742379
1.37549574966716
1.51817748895235
1.09756754647119
1.62225482504563
1.12515087046633
0.816801217146459
0.655520515587240
1.00550950179719
1.27927430133255
1.16787024207841
1.19399926005067
0.950704796160663
1.12220827678075
0.744743725495539
0.911519133184712
0.899294774546066
1.22350005609734
1.08211903895078
0.832273847051140
1.08327328269334
0.926372906890536
0.931310262615615
1.32436403727610
1.11434242303429
1.18981931575817
1.33041520833785
1.13160533511220
1.23229039252267
1.27030850587879
1.42108120987427
1.21121736492049
1.50229137122782
1.09130906954175
1.07376164682838
1.60557986182888
0.965551644679335
1.08493639661904
1.34144505724483
1.12370809297673
1.49977140223668
1.37716351445942
1.16095062276950
0.907834978777833
1.23678850902221
0.789919007285132
1.14844307913016
1.30750263232882
1.14017025314050
1.32910230174840
1.73519455629476
1.34269994170222
1.15438648173107
1.25829817337877
1.19726481849444
0.802351570212145
0.986495440869555
1.43886729761811
1.07482046486500
1.24127038511130
0.861296030711806
1.10187894696883
1.24638224847150
0.793762933972805
1.17600642256999
1.04117935434966
0.874664416064298
1.07631737029102
0.701894600439075
0.665473373840859
0.828188610080566
0.864465047784781
0.828930113317637
0.730029462465857
1.16005853621882
0.752402205568760
1.11352241841676
1.30109125730716
1.08509315953330
1.10914896192833
0.995213375041785
0.771948454426706
1.07476252569644
1.35414167599367
1.61926823431487
0.983370393935854
0.746689215513807
1.12799072299356
1.18378764309714
1.03043330536338
0.833541472373270
1.72939995820151
0.630960257338157
0.965493832462979
0.801078863539320
0.937881667540434
1.16798942667815
1.12067259869022
0.921925315215217
1.29808333212459
1.25273430712655
1.25995449964492
0.984405590584031
1.38175106211279
1.26382221778284
1.93323675690648
1.38648771065294
1.41661466387999
1.09895874469148
0.807226666087597
0.996802242308346
0.912001052077261
0.953577244738311
1.23350520204176
0.955155667441019
0.883646648025987
0.988103953677746
1.04620993599222
1.19282557392537
0.872032771435540
1.16784599733302
1.10530644697941
1.47224236779341
1.03370433639143
1.05258381460418
0.829249808039471
0.789439237390264
1.16601845889338
1.02510548618947
1.21901010287030
0.884145075440719
1.68393925187686
1.11660302900688
1.38125935189852
1.03044047827367
1.04582135142940
1.27238099187823
1.23368060491943
0.839053637014741
0.763118930427892
0.843385119312461
0.783918781925428
1.10062614529072
0.987666975494295
0.997538571176411
0.793863684645405
1.29884903431708
1.20110571431746
1.06349944544989
1.37307044472154
0.887952284169629
1.19429860647778
1.17623596689345
1.17645599046071
0.918008282496468
1.17040666190235
0.964404207283043
0.883375769274461
0.823185525856465
1.37833410899588
0.893696395927178
1.04331988007096
0.822166814546471
1.01393504150094
0.516236292257917
0.845503799133543
0.781998613699965
0.859722452828146
1.03368134558061
1.00737507891201
1.69789542296383
0.951867119071212
1.02497741841360
0.756718049464853
0.972757937621397
0.798071868476887
1.09324111152021
1.32099859507607
1.19143242587251
0.924072595741885
0.746136395386435
1.51889187299649
1.73965676809985
1.11615879516423
0.864590440393264
1.42998713048741
0.947306177743751
0.974453821461503
1.33115209246723
0.789447023572663
0.692203422098025
1.19594331213661
1.19046947371986
1.10966781169204
1.21703237451788
1.39248976485265
1.35714197126830
0.952568750379568
1.30796380723561
1.12978223413874
0.966477959271938
0.825073895442743
1.25983570729045
1.00084516459138
1.09730584818932
0.904656540996287
0.759997356711073
1.12935070156308
1.07024330103920
1.43040041741908
1.30547889349672
1.38325312046068
0.913873017591121
0.875310070723004
0.810817766545020
1.21739526639620
2.06197995589665
1.28340868561354
0.908803174443927
1.31600912794733
0.837496691415410
0.782352310038905
1.28042203450724
0.907791761567986
1.16748838049283
1.50032400368162
1.19057534288280
1.34446998325595
0.750394281753992
1.26406325960491
1.77541380238293
1.22953994451154
0.761683818050254
1.03609119152466
0.967718542824817
1.18562908295830
1.19356680880654
1.19177202016309
0.998509544610642
0.945865815823030
0.947974702180863
1.32113656117213
0.708919108780673
1.03510024671945
1.15530570903487
0.934298473251731
1.21159815941206
1.06798584421885
0.874912593443086
1.12669843643601
1.02070742685697
0.987980119397226
0.921800719699744
1.10110086608891
0.710041600206598
0.990605791884525
0.958066524411977
0.880241787693408
1.26149645810363
0.916948120110583
1.22939676747681
1.35882643113092
1.04717683041070
1.15727933497767
1.25767777553596
1.06561602803585
1.22946379897677
0.812034941140802
1.40154540542696
0.864657840253075
0.712871385817241
1.49273896361200
1.07009865253033
1.20373577049993
0.998629496810622
0.858510665816324
0.535470564662157
1.25385420933124
1.01637315761393
1.03747423274310
1.19180294596201
0.783274444600868
0.917966483610573
1.41349224116829
1.24568660896213
0.808546826323486
0.654049154725013
0.951982479666095
1.14042066141627
1.34840808470908
1.10930630369354
0.838656820239554
1.16485230685639
0.829063097416490
0.870363529913065
0.934091342633865
0.818253953638727
1.02005446771207
0.882664142759303
1.01660657518741
0.976111019332797
0.987999987475891
0.966923438541541
1.44171927357050
1.24925603923836
1.10049997706280
0.774746234565735
0.746950212658504
0.690931183388572
1.97658978341744
1.35774361061156
1.15175127116165
0.867710365617081
0.834030085715733
1.23137950723054
1.55604496328077
0.735436530792524
0.979039404724079
1.06480408952952
0.686615141474931
1.31740581174450
0.986893107780100
1.68536068672932
0.992301086696029
1.19278377802702
0.834785500143214
0.940314709023338
0.829752139414767
1.18823655344244
1.46462771611146
0.947091471409090
1.20026737627720
0.966740316552207
1.11144701063115
1.42948698744747
1.11610288798324
0.855306002984736
0.891405597122849
1.04404951401121
1.03882919096296
0.889621228943007
1.13171112377707
1.45278086093387
1.02470940939745
1.03575113088617
0.654311309148386
0.908500347529193
0.787986210334456
0.993366137619935
1.22514948608256
1.54115161486215
1.64186325728792
1.05685194283872
1.00856939130581
1.31023531470094
1.21520722634176
1.29457929323806
1.29846420575757
0.772369524803223
1.22932067023719
1.06303075419380
0.911485091302242
0.925566823998522
1.45777789791703
0.901169743103350
0.816857828597307
1.14060165251360
1.72401437782511
1.09204875653174
1.16542622189952
0.874923475548870
1.59559654288078
1.11731142433129
1.22642237698932
0.872146655847879
1.32128910359093
1.18729964705046
0.832183554537462
1.09561761331448
0.978768947123553
1.11327378689229
1.02485470540371
1.03925137779693
0.856079440512475
1.00785152639114
1.29495919101340
1.62166408794914
0.831319087620114
1.87570151639892
1.54214751742066
1.12855125002119
1.01298407421403
0.924490525192433
1.31484033224108
0.925351880004857
0.976231934550720
1.33030727172943
1.20014834186826
1.33433080829662
1.21928713440810
0.990021780402542
0.964633505040906
1.30387754594822
0.930348778736452
1.42633695133575
1.30217957765460
1.15992337772895
1.08645490153235
1.18089185060583
2.44321282247363
1.05793360165011
0.758935413389244
1.68649352033649
1.24912411502615
0.935343284543989
1.98211614730209
1.23231757307974
1.16165400150004
0.907804648711578
0.849798584812635
0.722847343730556
0.985019847982625
0.852113493037246
1.26006299005787
1.00916526831043
1.63075984111442
1.53666111628837
1.12738453409818
1.01729012443116
1.41506595498801
0.834002607685465
1.26760425514985
0.930793357926132
0.990152590743756
0.930217775744421
1.23933219148987
0.907752510495616
0.850066182143321
1.23289247549049
0.984904470061361
1.17979778293131
1.00124425327374
1.15508319110832
0.601911203871059
1.20843575032684
1.66279017929440
1.37880137602107
1.33868022078064
1.02740870263925
1.13179805116173
1.14838361472507
1.10998707257088
0.896883099769827
1.00116067584087
1.04287335658099
0.972026432461622
1.31607056081432
1.94643278059508
0.800764107843574
1.11817318190290
0.779136362888454
1.46485299641376
1.50148955266372
0.740664977761987
1.69761688548706
0.845943557474411
1.14378892490769
1.39784493997891
1.12303115558765
1.84076480927253
2.04473115708939
1.12074213027121
0.700159423196217
0.998231183207425
0.893251326384474
0.910541985447190
0.837619112208027
1.10534936381592
1.76244636897696
0.920841921878336
1.01781625246867
1.41973077209111
1.43494558953951
1.21391713502526
1.37459864959287
1.32636880997800
0.994389491443492
1.19820355991230
1.01346787150984
0.882680698065203
1.25629820165889
1.10262349025769
1.03991635305749
1.16099258984193
1.36253615722968
1.18833474905917
1.13533166204823
1.15780798052051
1.09851435129479
0.908510139388628
1.30100598375776
1.50114267916777
0.960151044580042
1.69140990481742
1.04252021939984
1.02645941774595
0.883141231562587
0.904783605792631
0.871964843093260
1.17771516426736
1.56751891428134
1.22568045499337
1.32133757078351
1.47816685052704
0.610965561128589
1.04460556184194
1.17747407280998
1.28036649650464
0.804175402383514
0.861421064020686
1.30217403660588
1.05692801335254
1.23292411797835
0.870427943138916
0.745577237222839
1.29337369287209
1.42851958155903
1.58019959520820
0.763207292903628
0.798278258375620
0.773517728751080
1.07529549017676
0.942340427581658
1.46878218446604
0.776866072379364
0.727193761276998
1.13814310900711
1.42839580108511
0.902604047681422
0.811461471213189
1.04899419362627
0.745123926218569
1.08998856468330
1.31351542913707
1.14140256414316
0.699808661644663
0.959549847433003
1.01279169956001
1.64757069276496
1.33989855869817
1.07148918314201
1.46716399661620
0.853754805296451
1.00207879681095
1.50240487225447
1.53376589281641
1.28423663598177
1.21537300298232
0.948730022997756
1.28853372559790
0.897360468484510
1.23901631911537
1.15835572776974
1.41088680634043
0.984352121389040
1.25670118489708
1.30292138724333
0.882983530097426
1.12537275624878
1.56760096835423
1.11409134886122
1.01125716083158
1.20588015038470
1.01908464186769
1.20213727550141
1.05251446119579
1.08108213099525
1.20702610903941
1.48514225499856
1.20455373744218
1.58614452827776
0.680896310197118
0.979071053796106
1.14620495014818
0.895913172683144
0.809537904721378
1.25119122081755
1.24994475124377
1.16036623045221
1.18898584612819
0.888650331984390
0.968225444600632
1.05933726146558
0.926795172084544
1.17176435328111
1.87045122074836
0.971673865866266
1.25997400906056
0.855781938972585
1.47738785122013
0.868728807747065
1.13903634528089
0.941671806124586
1.22133143464434
1.08848787759590
1.07472049319126
2.13927992760298
0.939194562871191
1.07400617283197
2.01229099792980
0.833967494884610
1.23289827276332
0.847548318298138
1.37606105489907
1.17059230271491
1.26132999023722
1.01820365150028
1.14863246286756
1.52326507333744
0.643331362478997
0.745664985121610
1.19450976292865
0.933869258776946
1.01411660429988
0.769423815268810
0.881673108104738
0.989274186309813
0.918736821308929
0.889484186185532
0.985262915613715
0.874034658477030
1.47817949614889
0.864882189575832
1.64922391652076
0.996065347094533
0.777460562178631
0.941652648941081
1.34596769044545
1.38408840897582
1.12640402430806
1.15983769721563
1.25576668218599
0.776156095983808
0.949694209084697
0.712656074709400
0.979105672663830
1.35054901466361
1.28042176767449
1.83744971323607
1.12808935803022
0.661123335411520
1.60117838082617
1.45805386494540
0.949493004498755
1.14268337709825
1.29881439466918
1.18608818374087
1.27423041174867
1.05786574137215
1.07599794756069
1.10786904419001
0.905341672045478
1.50600273855181
1.08723121284540
1.27133636161662
0.891850527724250
0.847786776562453
1.06317055964295
1.02433178600068
1.42901798381789
1.24803792565674
1.22936321529950
0.778677694815787
0.869017887179389
1.13729178993089
1.00216841929815
1.46067439465131
1.47793136518933
0.949893445716073
1.32771470039983
1.49650363824085
1.16883158733402
1.57704993323965
1.38616046069631
1.14044918898898
1.32822404038181
1.13529396576977
0.986840166597167
1.17894917774835
1.09473160006794
0.998314259278961
1.63152066934781
1.14233088512137
2.03432658974341
1.01415927351847
1.23610583504008
1.56233384532278
2.03378976887938
1.16415766372603
0.905216221895091
1.30598227522153
0.801396365432718
1.01937885974077
1.15570135962300
1.52924677807246
1.51092274891283
1.07878875031865
1.34269959163440
1.00831791207478
1.26394366928731
1.68656785908266
1.12550600385287
1.01314020372111
0.967703061572415
1.28013612894015
1.47661811069354
1.77018558833684
1.09922846240965
1.12713190229705
0.938620021296282
1.57292359295311
1.06697207334457
0.973685875134071
1.79418949734706
1.30793644175313
1.28009827261322
0.861480071639697
1.19960810768048
1.22361676158578
0.844476615464662
1.03070731645461
0.989105773502128
1.22579011145838
0.861204357876953
1.39466488794373
1.63672810176315
1.01239060108746
1.08347967182580
1.21982092060645
1.43179079197691
1.22414431715294
1.18945902950479
0.971544225990060
1.02935629518906
1.25014132424120
1.59876847354340
1.23727146970668
0.822662931462008
1.19935258048632
1.06288853324943
1.02638751435966
1.03227449268756
0.886771145726994
1.00842833076837
0.906433589254198
0.998238177887658
1.11532990171864
1.13006610825910
1.03311347130536
1.04820310034974
1.09409364170857
1.20633026542794
1.45783606104799
1.25207067070909
1.01637565207386
1.24572989572321
1.02603872545916
0.720801461703537
0.632745483686624
0.732018923741287
1.02802422862573
0.941448217938610
0.919928911676445
1.09584872615134
0.932964877913706
0.939093292127284
1.24906063456143
1.29967605986226
1.90140370943420
1.16384794727009
1.10030957483070
0.951350422994010
1.03798273664064
1.07310445948871
0.724951695033025
1.02325196020662
1.28991024587911
0.952088024657002
1.21634648581475
1.36371051761486
1.39085717754469
1.29803504749267
0.645593470856847
0.953487814787815
1.33578754003860
1.18881067875197
1.08686186716078
1.20041735231813
1.40789366248283
1.12473255210394
0.911825868708823
1.04158177285654
1.03498444816293
1.33433017145038
1.19364156961242
1.23134557338139
1.12319810314885
0.998857213224840
1.10102383205686
1.14113146357434
0.787107732741676
1.13124431574841
1.34382815849942
1.05848334852228
1.55866473806074
1.23502454786832
0.985603382967719
1.04788156168881
1.01906172754204
1.14755743051461
1.29143741863857
1.01515237921299
1.20637554000896
1.62562830580964
1.34503608479032
1.31257233586977
0.900119600242813
0.960127725776237
1.14793524218991
1.06080597947458
0.747079900366791
0.766332354984793
1.37465331635393
0.911930667759833
1.75101795427169
0.651238780489248
1.20369217108233
1.08580539593360
0.912326785534053
1.19145198105607
0.904468178722721
1.32303473630457
1.10247529940674
0.744620121205076
0.621565194689356
1.01704068626869
1.41299766931514
1.13184262025827
1.09928015170464
1.27170859407384
0.787961794862470
1.50683605509205
0.883903167980566
1.09511993447250
0.998558109720363
1.12364290008912
0.694154195846588
1.54137339082782
1.23086151651338
1.72367963640007
1.50382559416492
1.08851954622285
0.874762079825933
0.727769484015246
1.08989496470360
1.14177560279885
1.38087415711518
0.872364441457580
1.30340674879039
1.10363233418002
0.908673003140245
1.29723519877476
1.15405126473708
1.02850236890206
1.67189082624115
1.24894983729268
1.05845999127277
1.15718834684968
1.10760338205480
1.12987206252532
1.20502940695285
0.944942555045648
0.903808752482846
1.17954320827987
1.67489267947362
1.01167663020215
0.860063972790358
1.02768894508564
0.971275229697669
1.00691254761489
1.21112192625713
1.05366744211466
0.946936492989853
0.980308085420350
0.800912310048857
0.890910003530566
0.784418763441236
0.964159297548669
0.845865803412355
0.922683994986790
1.01287969788456
0.823721072690590
1.08082504953801
1.17405460851512
0.869910348429017
1.40267369893676
0.753801474165363
0.992096631062479
0.771591645272227
1.00291800591552
0.800656988404347
0.951197051658638
0.915591896090792
0.826651210491060
0.675204410953929
1.23632313666497
1.71980472051606
1.81039197233550
0.969453431211148
1.07422270029503
0.975364720267749
1.10477966275889
0.878851785514130
0.698165361713089
1.07658724822508
0.819057565928308
0.700905724878500
1.87433732853502
1.02891874767108
1.19133029239677
1.42824409377725