   1,    1,    2,   63,   62
   2,    2,    3,   64,   63
   3,    3,    4,   65,   64
   4,    4,    5,   66,   65
   5,    5,    6,   67,   66
   6,    6,    7,   68,   67
   7,    7,    8,   69,   68
   8,    8,    9,   70,   69
   9,    9,   10,   71,   70
  10,   10,   11,   72,   71
  11,   11,   12,   73,   72
  12,   12,   13,   74,   73
  13,   13,   14,   75,   74
  14,   14,   15,   76,   75
  15,   15,   16,   77,   76
  16,   16,   17,   78,   77
  17,   17,   18,   79,   78
  18,   18,   19,   80,   79
  19,   19,   20,   81,   80
  20,   20,   21,   82,   81
  21,   21,   22,   83,   82
  22,   22,   23,   84,   83
  23,   23,   24,   85,   84
  24,   24,   25,   86,   85
  25,   25,   26,   87,   86
  26,   26,   27,   88,   87
  27,   27,   28,   89,   88
  28,   28,   29,   90,   89
  29,   29,   30,   91,   90
  30,   30,   31,   92,   91
  31,   31,   32,   93,   92
  32,   32,   33,   94,   93
  33,   33,   34,   95,   94
  34,   34,   35,   96,   95
  35,   35,   36,   97,   96
  36,   36,   37,   98,   97
  37,   37,   38,   99,   98
  38,   38,   39,  100,   99
  39,   39,   40,  101,  100
  40,   40,   41,  102,  101
  41,   41,   42,  103,  102
  42,   42,   43,  104,  103
  43,   43,   44,  105,  104
  44,   44,   45,  106,  105
  45,   45,   46,  107,  106
  46,   46,   47,  108,  107
  47,   47,   48,  109,  108
  48,   48,   49,  110,  109
  49,   49,   50,  111,  110
  50,   50,   51,  112,  111
  51,   51,   52,  113,  112
  52,   52,   53,  114,  113
  53,   53,   54,  115,  114
  54,   54,   55,  116,  115
  55,   55,   56,  117,  116
  56,   56,   57,  118,  117
  57,   57,   58,  119,  118
  58,   58,   59,  120,  119
  59,   59,   60,  121,  120
  60,   60,   61,  122,  121
  61,   62,   63,  124,  123
  62,   63,   64,  125,  124
  63,   64,   65,  126,  125
  64,   65,   66,  127,  126
  65,   66,   67,  128,  127
  66,   67,   68,  129,  128
  67,   68,   69,  130,  129
  68,   69,   70,  131,  130
  69,   70,   71,  132,  131
  70,   71,   72,  133,  132
  71,   72,   73,  134,  133
  72,   73,   74,  135,  134
  73,   74,   75,  136,  135
  74,   75,   76,  137,  136
  75,   76,   77,  138,  137
  76,   77,   78,  139,  138
  77,   78,   79,  140,  139
  78,   79,   80,  141,  140
  79,   80,   81,  142,  141
  80,   81,   82,  143,  142
  81,   82,   83,  144,  143
  82,   83,   84,  145,  144
  83,   84,   85,  146,  145
  84,   85,   86,  147,  146
  85,   86,   87,  148,  147
  86,   87,   88,  149,  148
  87,   88,   89,  150,  149
  88,   89,   90,  151,  150
  89,   90,   91,  152,  151
  90,   91,   92,  153,  152
  91,   92,   93,  154,  153
  92,   93,   94,  155,  154
  93,   94,   95,  156,  155
  94,   95,   96,  157,  156
  95,   96,   97,  158,  157
  96,   97,   98,  159,  158
  97,   98,   99,  160,  159
  98,   99,  100,  161,  160
  99,  100,  101,  162,  161
 100,  101,  102,  163,  162
 101,  102,  103,  164,  163
 102,  103,  104,  165,  164
 103,  104,  105,  166,  165
 104,  105,  106,  167,  166
 105,  106,  107,  168,  167
 106,  107,  108,  169,  168
 107,  108,  109,  170,  169
 108,  109,  110,  171,  170
 109,  110,  111,  172,  171
 110,  111,  112,  173,  172
 111,  112,  113,  174,  173
 112,  113,  114,  175,  174
 113,  114,  115,  176,  175
 114,  115,  116,  177,  176
 115,  116,  117,  178,  177
 116,  117,  118,  179,  178
 117,  118,  119,  180,  179
 118,  119,  120,  181,  180
 119,  120,  121,  182,  181
 120,  121,  122,  183,  182
 121,  123,  124,  185,  184
 122,  124,  125,  186,  185
 123,  125,  126,  187,  186
 124,  126,  127,  188,  187
 125,  127,  128,  189,  188
 126,  128,  129,  190,  189
 127,  129,  130,  191,  190
 128,  130,  131,  192,  191
 129,  131,  132,  193,  192
 130,  132,  133,  194,  193
 131,  133,  134,  195,  194
 132,  134,  135,  196,  195
 133,  135,  136,  197,  196
 134,  136,  137,  198,  197
 135,  137,  138,  199,  198
 136,  138,  139,  200,  199
 137,  139,  140,  201,  200
 138,  140,  141,  202,  201
 139,  141,  142,  203,  202
 140,  142,  143,  204,  203
 141,  143,  144,  205,  204
 142,  144,  145,  206,  205
 143,  145,  146,  207,  206
 144,  146,  147,  208,  207
 145,  147,  148,  209,  208
 146,  148,  149,  210,  209
 147,  149,  150,  211,  210
 148,  150,  151,  212,  211
 149,  151,  152,  213,  212
 150,  152,  153,  214,  213
 151,  153,  154,  215,  214
 152,  154,  155,  216,  215
 153,  155,  156,  217,  216
 154,  156,  157,  218,  217
 155,  157,  158,  219,  218
 156,  158,  159,  220,  219
 157,  159,  160,  221,  220
 158,  160,  161,  222,  221
 159,  161,  162,  223,  222
 160,  162,  163,  224,  223
 161,  163,  164,  225,  224
 162,  164,  165,  226,  225
 163,  165,  166,  227,  226
 164,  166,  167,  228,  227
 165,  167,  168,  229,  228
 166,  168,  169,  230,  229
 167,  169,  170,  231,  230
 168,  170,  171,  232,  231
 169,  171,  172,  233,  232
 170,  172,  173,  234,  233
 171,  173,  174,  235,  234
 172,  174,  175,  236,  235
 173,  175,  176,  237,  236
 174,  176,  177,  238,  237
 175,  177,  178,  239,  238
 176,  178,  179,  240,  239
 177,  179,  180,  241,  240
 178,  180,  181,  242,  241
 179,  181,  182,  243,  242
 180,  182,  183,  244,  243
 181,  184,  185,  246,  245
 182,  185,  186,  247,  246
 183,  186,  187,  248,  247
 184,  187,  188,  249,  248
 185,  188,  189,  250,  249
 186,  189,  190,  251,  250
 187,  190,  191,  252,  251
 188,  191,  192,  253,  252
 189,  192,  193,  254,  253
 190,  193,  194,  255,  254
 191,  194,  195,  256,  255
 192,  195,  196,  257,  256
 193,  196,  197,  258,  257
 194,  197,  198,  259,  258
 195,  198,  199,  260,  259
 196,  199,  200,  261,  260
 197,  200,  201,  262,  261
 198,  201,  202,  263,  262
 199,  202,  203,  264,  263
 200,  203,  204,  265,  264
 201,  204,  205,  266,  265
 202,  205,  206,  267,  266
 203,  206,  207,  268,  267
 204,  207,  208,  269,  268
 205,  208,  209,  270,  269
 206,  209,  210,  271,  270
 207,  210,  211,  272,  271
 208,  211,  212,  273,  272
 209,  212,  213,  274,  273
 210,  213,  214,  275,  274
 211,  214,  215,  276,  275
 212,  215,  216,  277,  276
 213,  216,  217,  278,  277
 214,  217,  218,  279,  278
 215,  218,  219,  280,  279
 216,  219,  220,  281,  280
 217,  220,  221,  282,  281
 218,  221,  222,  283,  282
 219,  222,  223,  284,  283
 220,  223,  224,  285,  284
 221,  224,  225,  286,  285
 222,  225,  226,  287,  286
 223,  226,  227,  288,  287
 224,  227,  228,  289,  288
 225,  228,  229,  290,  289
 226,  229,  230,  291,  290
 227,  230,  231,  292,  291
 228,  231,  232,  293,  292
 229,  232,  233,  294,  293
 230,  233,  234,  295,  294
 231,  234,  235,  296,  295
 232,  235,  236,  297,  296
 233,  236,  237,  298,  297
 234,  237,  238,  299,  298
 235,  238,  239,  300,  299
 236,  239,  240,  301,  300
 237,  240,  241,  302,  301
 238,  241,  242,  303,  302
 239,  242,  243,  304,  303
 240,  243,  244,  305,  304
 241,  245,  246,  307,  306
 242,  246,  247,  308,  307
 243,  247,  248,  309,  308
 244,  248,  249,  310,  309
 245,  249,  250,  311,  310
 246,  250,  251,  312,  311
 247,  251,  252,  313,  312
 248,  252,  253,  314,  313
 249,  253,  254,  315,  314
 250,  254,  255,  316,  315
 251,  255,  256,  317,  316
 252,  256,  257,  318,  317
 253,  257,  258,  319,  318
 254,  258,  259,  320,  319
 255,  259,  260,  321,  320
 256,  260,  261,  322,  321
 257,  261,  262,  323,  322
 258,  262,  263,  324,  323
 259,  263,  264,  325,  324
 260,  264,  265,  326,  325
 261,  265,  266,  327,  326
 262,  266,  267,  328,  327
 263,  267,  268,  329,  328
 264,  268,  269,  330,  329
 265,  269,  270,  331,  330
 266,  270,  271,  332,  331
 267,  271,  272,  333,  332
 268,  272,  273,  334,  333
 269,  273,  274,  335,  334
 270,  274,  275,  336,  335
 271,  275,  276,  337,  336
 272,  276,  277,  338,  337
 273,  277,  278,  339,  338
 274,  278,  279,  340,  339
 275,  279,  280,  341,  340
 276,  280,  281,  342,  341
 277,  281,  282,  343,  342
 278,  282,  283,  344,  343
 279,  283,  284,  345,  344
 280,  284,  285,  346,  345
 281,  285,  286,  347,  346
 282,  286,  287,  348,  347
 283,  287,  288,  349,  348
 284,  288,  289,  350,  349
 285,  289,  290,  351,  350
 286,  290,  291,  352,  351
 287,  291,  292,  353,  352
 288,  292,  293,  354,  353
 289,  293,  294,  355,  354
 290,  294,  295,  356,  355
 291,  295,  296,  357,  356
 292,  296,  297,  358,  357
 293,  297,  298,  359,  358
 294,  298,  299,  360,  359
 295,  299,  300,  361,  360
 296,  300,  301,  362,  361
 297,  301,  302,  363,  362
 298,  302,  303,  364,  363
 299,  303,  304,  365,  364
 300,  304,  305,  366,  365
 301,  306,  307,  368,  367
 302,  307,  308,  369,  368
 303,  308,  309,  370,  369
 304,  309,  310,  371,  370
 305,  310,  311,  372,  371
 306,  311,  312,  373,  372
 307,  312,  313,  374,  373
 308,  313,  314,  375,  374
 309,  314,  315,  376,  375
 310,  315,  316,  377,  376
 311,  316,  317,  378,  377
 312,  317,  318,  379,  378
 313,  318,  319,  380,  379
 314,  319,  320,  381,  380
 315,  320,  321,  382,  381
 316,  321,  322,  383,  382
 317,  322,  323,  384,  383
 318,  323,  324,  385,  384
 319,  324,  325,  386,  385
 320,  325,  326,  387,  386
 321,  326,  327,  388,  387
 322,  327,  328,  389,  388
 323,  328,  329,  390,  389
 324,  329,  330,  391,  390
 325,  330,  331,  392,  391
 326,  331,  332,  393,  392
 327,  332,  333,  394,  393
 328,  333,  334,  395,  394
 329,  334,  335,  396,  395
 330,  335,  336,  397,  396
 331,  336,  337,  398,  397
 332,  337,  338,  399,  398
 333,  338,  339,  400,  399
 334,  339,  340,  401,  400
 335,  340,  341,  402,  401
 336,  341,  342,  403,  402
 337,  342,  343,  404,  403
 338,  343,  344,  405,  404
 339,  344,  345,  406,  405
 340,  345,  346,  407,  406
 341,  346,  347,  408,  407
 342,  347,  348,  409,  408
 343,  348,  349,  410,  409
 344,  349,  350,  411,  410
 345,  350,  351,  412,  411
 346,  351,  352,  413,  412
 347,  352,  353,  414,  413
 348,  353,  354,  415,  414
 349,  354,  355,  416,  415
 350,  355,  356,  417,  416
 351,  356,  357,  418,  417
 352,  357,  358,  419,  418
 353,  358,  359,  420,  419
 354,  359,  360,  421,  420
 355,  360,  361,  422,  421
 356,  361,  362,  423,  422
 357,  362,  363,  424,  423
 358,  363,  364,  425,  424
 359,  364,  365,  426,  425
 360,  365,  366,  427,  426
 361,  367,  368,  429,  428
 362,  368,  369,  430,  429
 363,  369,  370,  431,  430
 364,  370,  371,  432,  431
 365,  371,  372,  433,  432
 366,  372,  373,  434,  433
 367,  373,  374,  435,  434
 368,  374,  375,  436,  435
 369,  375,  376,  437,  436
 370,  376,  377,  438,  437
 371,  377,  378,  439,  438
 372,  378,  379,  440,  439
 373,  379,  380,  441,  440
 374,  380,  381,  442,  441
 375,  381,  382,  443,  442
 376,  382,  383,  444,  443
 377,  383,  384,  445,  444
 378,  384,  385,  446,  445
 379,  385,  386,  447,  446
 380,  386,  387,  448,  447
 381,  387,  388,  449,  448
 382,  388,  389,  450,  449
 383,  389,  390,  451,  450
 384,  390,  391,  452,  451
 385,  391,  392,  453,  452
 386,  392,  393,  454,  453
 387,  393,  394,  455,  454
 388,  394,  395,  456,  455
 389,  395,  396,  457,  456
 390,  396,  397,  458,  457
 391,  397,  398,  459,  458
 392,  398,  399,  460,  459
 393,  399,  400,  461,  460
 394,  400,  401,  462,  461
 395,  401,  402,  463,  462
 396,  402,  403,  464,  463
 397,  403,  404,  465,  464
 398,  404,  405,  466,  465
 399,  405,  406,  467,  466
 400,  406,  407,  468,  467
 401,  407,  408,  469,  468
 402,  408,  409,  470,  469
 403,  409,  410,  471,  470
 404,  410,  411,  472,  471
 405,  411,  412,  473,  472
 406,  412,  413,  474,  473
 407,  413,  414,  475,  474
 408,  414,  415,  476,  475
 409,  415,  416,  477,  476
 410,  416,  417,  478,  477
 411,  417,  418,  479,  478
 412,  418,  419,  480,  479
 413,  419,  420,  481,  480
 414,  420,  421,  482,  481
 415,  421,  422,  483,  482
 416,  422,  423,  484,  483
 417,  423,  424,  485,  484
 418,  424,  425,  486,  485
 419,  425,  426,  487,  486
 420,  426,  427,  488,  487
 421,  428,  429,  490,  489
 422,  429,  430,  491,  490
 423,  430,  431,  492,  491
 424,  431,  432,  493,  492
 425,  432,  433,  494,  493
 426,  433,  434,  495,  494
 427,  434,  435,  496,  495
 428,  435,  436,  497,  496
 429,  436,  437,  498,  497
 430,  437,  438,  499,  498
 431,  438,  439,  500,  499
 432,  439,  440,  501,  500
 433,  440,  441,  502,  501
 434,  441,  442,  503,  502
 435,  442,  443,  504,  503
 436,  443,  444,  505,  504
 437,  444,  445,  506,  505
 438,  445,  446,  507,  506
 439,  446,  447,  508,  507
 440,  447,  448,  509,  508
 441,  448,  449,  510,  509
 442,  449,  450,  511,  510
 443,  450,  451,  512,  511
 444,  451,  452,  513,  512
 445,  452,  453,  514,  513
 446,  453,  454,  515,  514
 447,  454,  455,  516,  515
 448,  455,  456,  517,  516
 449,  456,  457,  518,  517
 450,  457,  458,  519,  518
 451,  458,  459,  520,  519
 452,  459,  460,  521,  520
 453,  460,  461,  522,  521
 454,  461,  462,  523,  522
 455,  462,  463,  524,  523
 456,  463,  464,  525,  524
 457,  464,  465,  526,  525
 458,  465,  466,  527,  526
 459,  466,  467,  528,  527
 460,  467,  468,  529,  528
 461,  468,  469,  530,  529
 462,  469,  470,  531,  530
 463,  470,  471,  532,  531
 464,  471,  472,  533,  532
 465,  472,  473,  534,  533
 466,  473,  474,  535,  534
 467,  474,  475,  536,  535
 468,  475,  476,  537,  536
 469,  476,  477,  538,  537
 470,  477,  478,  539,  538
 471,  478,  479,  540,  539
 472,  479,  480,  541,  540
 473,  480,  481,  542,  541
 474,  481,  482,  543,  542
 475,  482,  483,  544,  543
 476,  483,  484,  545,  544
 477,  484,  485,  546,  545
 478,  485,  486,  547,  546
 479,  486,  487,  548,  547
 480,  487,  488,  549,  548
 481,  489,  490,  551,  550
 482,  490,  491,  552,  551
 483,  491,  492,  553,  552
 484,  492,  493,  554,  553
 485,  493,  494,  555,  554
 486,  494,  495,  556,  555
 487,  495,  496,  557,  556
 488,  496,  497,  558,  557
 489,  497,  498,  559,  558
 490,  498,  499,  560,  559
 491,  499,  500,  561,  560
 492,  500,  501,  562,  561
 493,  501,  502,  563,  562
 494,  502,  503,  564,  563
 495,  503,  504,  565,  564
 496,  504,  505,  566,  565
 497,  505,  506,  567,  566
 498,  506,  507,  568,  567
 499,  507,  508,  569,  568
 500,  508,  509,  570,  569
 501,  509,  510,  571,  570
 502,  510,  511,  572,  571
 503,  511,  512,  573,  572
 504,  512,  513,  574,  573
 505,  513,  514,  575,  574
 506,  514,  515,  576,  575
 507,  515,  516,  577,  576
 508,  516,  517,  578,  577
 509,  517,  518,  579,  578
 510,  518,  519,  580,  579
 511,  519,  520,  581,  580
 512,  520,  521,  582,  581
 513,  521,  522,  583,  582
 514,  522,  523,  584,  583
 515,  523,  524,  585,  584
 516,  524,  525,  586,  585
 517,  525,  526,  587,  586
 518,  526,  527,  588,  587
 519,  527,  528,  589,  588
 520,  528,  529,  590,  589
 521,  529,  530,  591,  590
 522,  530,  531,  592,  591
 523,  531,  532,  593,  592
 524,  532,  533,  594,  593
 525,  533,  534,  595,  594
 526,  534,  535,  596,  595
 527,  535,  536,  597,  596
 528,  536,  537,  598,  597
 529,  537,  538,  599,  598
 530,  538,  539,  600,  599
 531,  539,  540,  601,  600
 532,  540,  541,  602,  601
 533,  541,  542,  603,  602
 534,  542,  543,  604,  603
 535,  543,  544,  605,  604
 536,  544,  545,  606,  605
 537,  545,  546,  607,  606
 538,  546,  547,  608,  607
 539,  547,  548,  609,  608
 540,  548,  549,  610,  609
 541,  550,  551,  612,  611
 542,  551,  552,  613,  612
 543,  552,  553,  614,  613
 544,  553,  554,  615,  614
 545,  554,  555,  616,  615
 546,  555,  556,  617,  616
 547,  556,  557,  618,  617
 548,  557,  558,  619,  618
 549,  558,  559,  620,  619
 550,  559,  560,  621,  620
 551,  560,  561,  622,  621
 552,  561,  562,  623,  622
 553,  562,  563,  624,  623
 554,  563,  564,  625,  624
 555,  564,  565,  626,  625
 556,  565,  566,  627,  626
 557,  566,  567,  628,  627
 558,  567,  568,  629,  628
 559,  568,  569,  630,  629
 560,  569,  570,  631,  630
 561,  570,  571,  632,  631
 562,  571,  572,  633,  632
 563,  572,  573,  634,  633
 564,  573,  574,  635,  634
 565,  574,  575,  636,  635
 566,  575,  576,  637,  636
 567,  576,  577,  638,  637
 568,  577,  578,  639,  638
 569,  578,  579,  640,  639
 570,  579,  580,  641,  640
 571,  580,  581,  642,  641
 572,  581,  582,  643,  642
 573,  582,  583,  644,  643
 574,  583,  584,  645,  644
 575,  584,  585,  646,  645
 576,  585,  586,  647,  646
 577,  586,  587,  648,  647
 578,  587,  588,  649,  648
 579,  588,  589,  650,  649
 580,  589,  590,  651,  650
 581,  590,  591,  652,  651
 582,  591,  592,  653,  652
 583,  592,  593,  654,  653
 584,  593,  594,  655,  654
 585,  594,  595,  656,  655
 586,  595,  596,  657,  656
 587,  596,  597,  658,  657
 588,  597,  598,  659,  658
 589,  598,  599,  660,  659
 590,  599,  600,  661,  660
 591,  600,  601,  662,  661
 592,  601,  602,  663,  662
 593,  602,  603,  664,  663
 594,  603,  604,  665,  664
 595,  604,  605,  666,  665
 596,  605,  606,  667,  666
 597,  606,  607,  668,  667
 598,  607,  608,  669,  668
 599,  608,  609,  670,  669
 600,  609,  610,  671,  670
 601,  611,  612,  673,  672
 602,  612,  613,  674,  673
 603,  613,  614,  675,  674
 604,  614,  615,  676,  675
 605,  615,  616,  677,  676
 606,  616,  617,  678,  677
 607,  617,  618,  679,  678
 608,  618,  619,  680,  679
 609,  619,  620,  681,  680
 610,  620,  621,  682,  681
 611,  621,  622,  683,  682
 612,  622,  623,  684,  683
 613,  623,  624,  685,  684
 614,  624,  625,  686,  685
 615,  625,  626,  687,  686
 616,  626,  627,  688,  687
 617,  627,  628,  689,  688
 618,  628,  629,  690,  689
 619,  629,  630,  691,  690
 620,  630,  631,  692,  691
 621,  631,  632,  693,  692
 622,  632,  633,  694,  693
 623,  633,  634,  695,  694
 624,  634,  635,  696,  695
 625,  635,  636,  697,  696
 626,  636,  637,  698,  697
 627,  637,  638,  699,  698
 628,  638,  639,  700,  699
 629,  639,  640,  701,  700
 630,  640,  641,  702,  701
 631,  641,  642,  703,  702
 632,  642,  643,  704,  703
 633,  643,  644,  705,  704
 634,  644,  645,  706,  705
 635,  645,  646,  707,  706
 636,  646,  647,  708,  707
 637,  647,  648,  709,  708
 638,  648,  649,  710,  709
 639,  649,  650,  711,  710
 640,  650,  651,  712,  711
 641,  651,  652,  713,  712
 642,  652,  653,  714,  713
 643,  653,  654,  715,  714
 644,  654,  655,  716,  715
 645,  655,  656,  717,  716
 646,  656,  657,  718,  717
 647,  657,  658,  719,  718
 648,  658,  659,  720,  719
 649,  659,  660,  721,  720
 650,  660,  661,  722,  721
 651,  661,  662,  723,  722
 652,  662,  663,  724,  723
 653,  663,  664,  725,  724
 654,  664,  665,  726,  725
 655,  665,  666,  727,  726
 656,  666,  667,  728,  727
 657,  667,  668,  729,  728
 658,  668,  669,  730,  729
 659,  669,  670,  731,  730
 660,  670,  671,  732,  731
 661,  672,  673,  734,  733
 662,  673,  674,  735,  734
 663,  674,  675,  736,  735
 664,  675,  676,  737,  736
 665,  676,  677,  738,  737
 666,  677,  678,  739,  738
 667,  678,  679,  740,  739
 668,  679,  680,  741,  740
 669,  680,  681,  742,  741
 670,  681,  682,  743,  742
 671,  682,  683,  744,  743
 672,  683,  684,  745,  744
 673,  684,  685,  746,  745
 674,  685,  686,  747,  746
 675,  686,  687,  748,  747
 676,  687,  688,  749,  748
 677,  688,  689,  750,  749
 678,  689,  690,  751,  750
 679,  690,  691,  752,  751
 680,  691,  692,  753,  752
 681,  692,  693,  754,  753
 682,  693,  694,  755,  754
 683,  694,  695,  756,  755
 684,  695,  696,  757,  756
 685,  696,  697,  758,  757
 686,  697,  698,  759,  758
 687,  698,  699,  760,  759
 688,  699,  700,  761,  760
 689,  700,  701,  762,  761
 690,  701,  702,  763,  762
 691,  702,  703,  764,  763
 692,  703,  704,  765,  764
 693,  704,  705,  766,  765
 694,  705,  706,  767,  766
 695,  706,  707,  768,  767
 696,  707,  708,  769,  768
 697,  708,  709,  770,  769
 698,  709,  710,  771,  770
 699,  710,  711,  772,  771
 700,  711,  712,  773,  772
 701,  712,  713,  774,  773
 702,  713,  714,  775,  774
 703,  714,  715,  776,  775
 704,  715,  716,  777,  776
 705,  716,  717,  778,  777
 706,  717,  718,  779,  778
 707,  718,  719,  780,  779
 708,  719,  720,  781,  780
 709,  720,  721,  782,  781
 710,  721,  722,  783,  782
 711,  722,  723,  784,  783
 712,  723,  724,  785,  784
 713,  724,  725,  786,  785
 714,  725,  726,  787,  786
 715,  726,  727,  788,  787
 716,  727,  728,  789,  788
 717,  728,  729,  790,  789
 718,  729,  730,  791,  790
 719,  730,  731,  792,  791
 720,  731,  732,  793,  792
 721,  733,  734,  795,  794
 722,  734,  735,  796,  795
 723,  735,  736,  797,  796
 724,  736,  737,  798,  797
 725,  737,  738,  799,  798
 726,  738,  739,  800,  799
 727,  739,  740,  801,  800
 728,  740,  741,  802,  801
 729,  741,  742,  803,  802
 730,  742,  743,  804,  803
 731,  743,  744,  805,  804
 732,  744,  745,  806,  805
 733,  745,  746,  807,  806
 734,  746,  747,  808,  807
 735,  747,  748,  809,  808
 736,  748,  749,  810,  809
 737,  749,  750,  811,  810
 738,  750,  751,  812,  811
 739,  751,  752,  813,  812
 740,  752,  753,  814,  813
 741,  753,  754,  815,  814
 742,  754,  755,  816,  815
 743,  755,  756,  817,  816
 744,  756,  757,  818,  817
 745,  757,  758,  819,  818
 746,  758,  759,  820,  819
 747,  759,  760,  821,  820
 748,  760,  761,  822,  821
 749,  761,  762,  823,  822
 750,  762,  763,  824,  823
 751,  763,  764,  825,  824
 752,  764,  765,  826,  825
 753,  765,  766,  827,  826
 754,  766,  767,  828,  827
 755,  767,  768,  829,  828
 756,  768,  769,  830,  829
 757,  769,  770,  831,  830
 758,  770,  771,  832,  831
 759,  771,  772,  833,  832
 760,  772,  773,  834,  833
 761,  773,  774,  835,  834
 762,  774,  775,  836,  835
 763,  775,  776,  837,  836
 764,  776,  777,  838,  837
 765,  777,  778,  839,  838
 766,  778,  779,  840,  839
 767,  779,  780,  841,  840
 768,  780,  781,  842,  841
 769,  781,  782,  843,  842
 770,  782,  783,  844,  843
 771,  783,  784,  845,  844
 772,  784,  785,  846,  845
 773,  785,  786,  847,  846
 774,  786,  787,  848,  847
 775,  787,  788,  849,  848
 776,  788,  789,  850,  849
 777,  789,  790,  851,  850
 778,  790,  791,  852,  851
 779,  791,  792,  853,  852
 780,  792,  793,  854,  853
 781,  794,  795,  856,  855
 782,  795,  796,  857,  856
 783,  796,  797,  858,  857
 784,  797,  798,  859,  858
 785,  798,  799,  860,  859
 786,  799,  800,  861,  860
 787,  800,  801,  862,  861
 788,  801,  802,  863,  862
 789,  802,  803,  864,  863
 790,  803,  804,  865,  864
 791,  804,  805,  866,  865
 792,  805,  806,  867,  866
 793,  806,  807,  868,  867
 794,  807,  808,  869,  868
 795,  808,  809,  870,  869
 796,  809,  810,  871,  870
 797,  810,  811,  872,  871
 798,  811,  812,  873,  872
 799,  812,  813,  874,  873
 800,  813,  814,  875,  874
 801,  814,  815,  876,  875
 802,  815,  816,  877,  876
 803,  816,  817,  878,  877
 804,  817,  818,  879,  878
 805,  818,  819,  880,  879
 806,  819,  820,  881,  880
 807,  820,  821,  882,  881
 808,  821,  822,  883,  882
 809,  822,  823,  884,  883
 810,  823,  824,  885,  884
 811,  824,  825,  886,  885
 812,  825,  826,  887,  886
 813,  826,  827,  888,  887
 814,  827,  828,  889,  888
 815,  828,  829,  890,  889
 816,  829,  830,  891,  890
 817,  830,  831,  892,  891
 818,  831,  832,  893,  892
 819,  832,  833,  894,  893
 820,  833,  834,  895,  894
 821,  834,  835,  896,  895
 822,  835,  836,  897,  896
 823,  836,  837,  898,  897
 824,  837,  838,  899,  898
 825,  838,  839,  900,  899
 826,  839,  840,  901,  900
 827,  840,  841,  902,  901
 828,  841,  842,  903,  902
 829,  842,  843,  904,  903
 830,  843,  844,  905,  904
 831,  844,  845,  906,  905
 832,  845,  846,  907,  906
 833,  846,  847,  908,  907
 834,  847,  848,  909,  908
 835,  848,  849,  910,  909
 836,  849,  850,  911,  910
 837,  850,  851,  912,  911
 838,  851,  852,  913,  912
 839,  852,  853,  914,  913
 840,  853,  854,  915,  914
 841,  855,  856,  917,  916
 842,  856,  857,  918,  917
 843,  857,  858,  919,  918
 844,  858,  859,  920,  919
 845,  859,  860,  921,  920
 846,  860,  861,  922,  921
 847,  861,  862,  923,  922
 848,  862,  863,  924,  923
 849,  863,  864,  925,  924
 850,  864,  865,  926,  925
 851,  865,  866,  927,  926
 852,  866,  867,  928,  927
 853,  867,  868,  929,  928
 854,  868,  869,  930,  929
 855,  869,  870,  931,  930
 856,  870,  871,  932,  931
 857,  871,  872,  933,  932
 858,  872,  873,  934,  933
 859,  873,  874,  935,  934
 860,  874,  875,  936,  935
 861,  875,  876,  937,  936
 862,  876,  877,  938,  937
 863,  877,  878,  939,  938
 864,  878,  879,  940,  939
 865,  879,  880,  941,  940
 866,  880,  881,  942,  941
 867,  881,  882,  943,  942
 868,  882,  883,  944,  943
 869,  883,  884,  945,  944
 870,  884,  885,  946,  945
 871,  885,  886,  947,  946
 872,  886,  887,  948,  947
 873,  887,  888,  949,  948
 874,  888,  889,  950,  949
 875,  889,  890,  951,  950
 876,  890,  891,  952,  951
 877,  891,  892,  953,  952
 878,  892,  893,  954,  953
 879,  893,  894,  955,  954
 880,  894,  895,  956,  955
 881,  895,  896,  957,  956
 882,  896,  897,  958,  957
 883,  897,  898,  959,  958
 884,  898,  899,  960,  959
 885,  899,  900,  961,  960
 886,  900,  901,  962,  961
 887,  901,  902,  963,  962
 888,  902,  903,  964,  963
 889,  903,  904,  965,  964
 890,  904,  905,  966,  965
 891,  905,  906,  967,  966
 892,  906,  907,  968,  967
 893,  907,  908,  969,  968
 894,  908,  909,  970,  969
 895,  909,  910,  971,  970
 896,  910,  911,  972,  971
 897,  911,  912,  973,  972
 898,  912,  913,  974,  973
 899,  913,  914,  975,  974
 900,  914,  915,  976,  975
 901,  916,  917,  978,  977
 902,  917,  918,  979,  978
 903,  918,  919,  980,  979
 904,  919,  920,  981,  980
 905,  920,  921,  982,  981
 906,  921,  922,  983,  982
 907,  922,  923,  984,  983
 908,  923,  924,  985,  984
 909,  924,  925,  986,  985
 910,  925,  926,  987,  986
 911,  926,  927,  988,  987
 912,  927,  928,  989,  988
 913,  928,  929,  990,  989
 914,  929,  930,  991,  990
 915,  930,  931,  992,  991
 916,  931,  932,  993,  992
 917,  932,  933,  994,  993
 918,  933,  934,  995,  994
 919,  934,  935,  996,  995
 920,  935,  936,  997,  996
 921,  936,  937,  998,  997
 922,  937,  938,  999,  998
 923,  938,  939, 1000,  999
 924,  939,  940, 1001, 1000
 925,  940,  941, 1002, 1001
 926,  941,  942, 1003, 1002
 927,  942,  943, 1004, 1003
 928,  943,  944, 1005, 1004
 929,  944,  945, 1006, 1005
 930,  945,  946, 1007, 1006
 931,  946,  947, 1008, 1007
 932,  947,  948, 1009, 1008
 933,  948,  949, 1010, 1009
 934,  949,  950, 1011, 1010
 935,  950,  951, 1012, 1011
 936,  951,  952, 1013, 1012
 937,  952,  953, 1014, 1013
 938,  953,  954, 1015, 1014
 939,  954,  955, 1016, 1015
 940,  955,  956, 1017, 1016
 941,  956,  957, 1018, 1017
 942,  957,  958, 1019, 1018
 943,  958,  959, 1020, 1019
 944,  959,  960, 1021, 1020
 945,  960,  961, 1022, 1021
 946,  961,  962, 1023, 1022
 947,  962,  963, 1024, 1023
 948,  963,  964, 1025, 1024
 949,  964,  965, 1026, 1025
 950,  965,  966, 1027, 1026
 951,  966,  967, 1028, 1027
 952,  967,  968, 1029, 1028
 953,  968,  969, 1030, 1029
 954,  969,  970, 1031, 1030
 955,  970,  971, 1032, 1031
 956,  971,  972, 1033, 1032
 957,  972,  973, 1034, 1033
 958,  973,  974, 1035, 1034
 959,  974,  975, 1036, 1035
 960,  975,  976, 1037, 1036
 961,  977,  978, 1039, 1038
 962,  978,  979, 1040, 1039
 963,  979,  980, 1041, 1040
 964,  980,  981, 1042, 1041
 965,  981,  982, 1043, 1042
 966,  982,  983, 1044, 1043
 967,  983,  984, 1045, 1044
 968,  984,  985, 1046, 1045
 969,  985,  986, 1047, 1046
 970,  986,  987, 1048, 1047
 971,  987,  988, 1049, 1048
 972,  988,  989, 1050, 1049
 973,  989,  990, 1051, 1050
 974,  990,  991, 1052, 1051
 975,  991,  992, 1053, 1052
 976,  992,  993, 1054, 1053
 977,  993,  994, 1055, 1054
 978,  994,  995, 1056, 1055
 979,  995,  996, 1057, 1056
 980,  996,  997, 1058, 1057
 981,  997,  998, 1059, 1058
 982,  998,  999, 1060, 1059
 983,  999, 1000, 1061, 1060
 984, 1000, 1001, 1062, 1061
 985, 1001, 1002, 1063, 1062
 986, 1002, 1003, 1064, 1063
 987, 1003, 1004, 1065, 1064
 988, 1004, 1005, 1066, 1065
 989, 1005, 1006, 1067, 1066
 990, 1006, 1007, 1068, 1067
 991, 1007, 1008, 1069, 1068
 992, 1008, 1009, 1070, 1069
 993, 1009, 1010, 1071, 1070
 994, 1010, 1011, 1072, 1071
 995, 1011, 1012, 1073, 1072
 996, 1012, 1013, 1074, 1073
 997, 1013, 1014, 1075, 1074
 998, 1014, 1015, 1076, 1075
 999, 1015, 1016, 1077, 1076
1000, 1016, 1017, 1078, 1077
1001, 1017, 1018, 1079, 1078
1002, 1018, 1019, 1080, 1079
1003, 1019, 1020, 1081, 1080
1004, 1020, 1021, 1082, 1081
1005, 1021, 1022, 1083, 1082
1006, 1022, 1023, 1084, 1083
1007, 1023, 1024, 1085, 1084
1008, 1024, 1025, 1086, 1085
1009, 1025, 1026, 1087, 1086
1010, 1026, 1027, 1088, 1087
1011, 1027, 1028, 1089, 1088
1012, 1028, 1029, 1090, 1089
1013, 1029, 1030, 1091, 1090
1014, 1030, 1031, 1092, 1091
1015, 1031, 1032, 1093, 1092
1016, 1032, 1033, 1094, 1093
1017, 1033, 1034, 1095, 1094
1018, 1034, 1035, 1096, 1095
1019, 1035, 1036, 1097, 1096
1020, 1036, 1037, 1098, 1097
1021, 1038, 1039, 1100, 1099
1022, 1039, 1040, 1101, 1100
1023, 1040, 1041, 1102, 1101
1024, 1041, 1042, 1103, 1102
1025, 1042, 1043, 1104, 1103
1026, 1043, 1044, 1105, 1104
1027, 1044, 1045, 1106, 1105
1028, 1045, 1046, 1107, 1106
1029, 1046, 1047, 1108, 1107
1030, 1047, 1048, 1109, 1108
1031, 1048, 1049, 1110, 1109
1032, 1049, 1050, 1111, 1110
1033, 1050, 1051, 1112, 1111
1034, 1051, 1052, 1113, 1112
1035, 1052, 1053, 1114, 1113
1036, 1053, 1054, 1115, 1114
1037, 1054, 1055, 1116, 1115
1038, 1055, 1056, 1117, 1116
1039, 1056, 1057, 1118, 1117
1040, 1057, 1058, 1119, 1118
1041, 1058, 1059, 1120, 1119
1042, 1059, 1060, 1121, 1120
1043, 1060, 1061, 1122, 1121
1044, 1061, 1062, 1123, 1122
1045, 1062, 1063, 1124, 1123
1046, 1063, 1064, 1125, 1124
1047, 1064, 1065, 1126, 1125
1048, 1065, 1066, 1127, 1126
1049, 1066, 1067, 1128, 1127
1050, 1067, 1068, 1129, 1128
1051, 1068, 1069, 1130, 1129
1052, 1069, 1070, 1131, 1130
1053, 1070, 1071, 1132, 1131
1054, 1071, 1072, 1133, 1132
1055, 1072, 1073, 1134, 1133
1056, 1073, 1074, 1135, 1134
1057, 1074, 1075, 1136, 1135
1058, 1075, 1076, 1137, 1136
1059, 1076, 1077, 1138, 1137
1060, 1077, 1078, 1139, 1138
1061, 1078, 1079, 1140, 1139
1062, 1079, 1080, 1141, 1140
1063, 1080, 1081, 1142, 1141
1064, 1081, 1082, 1143, 1142
1065, 1082, 1083, 1144, 1143
1066, 1083, 1084, 1145, 1144
1067, 1084, 1085, 1146, 1145
1068, 1085, 1086, 1147, 1146
1069, 1086, 1087, 1148, 1147
1070, 1087, 1088, 1149, 1148
1071, 1088, 1089, 1150, 1149
1072, 1089, 1090, 1151, 1150
1073, 1090, 1091, 1152, 1151
1074, 1091, 1092, 1153, 1152
1075, 1092, 1093, 1154, 1153
1076, 1093, 1094, 1155, 1154
1077, 1094, 1095, 1156, 1155
1078, 1095, 1096, 1157, 1156
1079, 1096, 1097, 1158, 1157
1080, 1097, 1098, 1159, 1158
1081, 1099, 1100, 1161, 1160
1082, 1100, 1101, 1162, 1161
1083, 1101, 1102, 1163, 1162
1084, 1102, 1103, 1164, 1163
1085, 1103, 1104, 1165, 1164
1086, 1104, 1105, 1166, 1165
1087, 1105, 1106, 1167, 1166
1088, 1106, 1107, 1168, 1167
1089, 1107, 1108, 1169, 1168
1090, 1108, 1109, 1170, 1169
1091, 1109, 1110, 1171, 1170
1092, 1110, 1111, 1172, 1171
1093, 1111, 1112, 1173, 1172
1094, 1112, 1113, 1174, 1173
1095, 1113, 1114, 1175, 1174
1096, 1114, 1115, 1176, 1175
1097, 1115, 1116, 1177, 1176
1098, 1116, 1117, 1178, 1177
1099, 1117, 1118, 1179, 1178
1100, 1118, 1119, 1180, 1179
1101, 1119, 1120, 1181, 1180
1102, 1120, 1121, 1182, 1181
1103, 1121, 1122, 1183, 1182
1104, 1122, 1123, 1184, 1183
1105, 1123, 1124, 1185, 1184
1106, 1124, 1125, 1186, 1185
1107, 1125, 1126, 1187, 1186
1108, 1126, 1127, 1188, 1187
1109, 1127, 1128, 1189, 1188
1110, 1128, 1129, 1190, 1189
1111, 1129, 1130, 1191, 1190
1112, 1130, 1131, 1192, 1191
1113, 1131, 1132, 1193, 1192
1114, 1132, 1133, 1194, 1193
1115, 1133, 1134, 1195, 1194
1116, 1134, 1135, 1196, 1195
1117, 1135, 1136, 1197, 1196
1118, 1136, 1137, 1198, 1197
1119, 1137, 1138, 1199, 1198
1120, 1138, 1139, 1200, 1199
1121, 1139, 1140, 1201, 1200
1122, 1140, 1141, 1202, 1201
1123, 1141, 1142, 1203, 1202
1124, 1142, 1143, 1204, 1203
1125, 1143, 1144, 1205, 1204
1126, 1144, 1145, 1206, 1205
1127, 1145, 1146, 1207, 1206
1128, 1146, 1147, 1208, 1207
1129, 1147, 1148, 1209, 1208
1130, 1148, 1149, 1210, 1209
1131, 1149, 1150, 1211, 1210
1132, 1150, 1151, 1212, 1211
1133, 1151, 1152, 1213, 1212
1134, 1152, 1153, 1214, 1213
1135, 1153, 1154, 1215, 1214
1136, 1154, 1155, 1216, 1215
1137, 1155, 1156, 1217, 1216
1138, 1156, 1157, 1218, 1217
1139, 1157, 1158, 1219, 1218
1140, 1158, 1159, 1220, 1219
1141, 1160, 1161, 1222, 1221
1142, 1161, 1162, 1223, 1222
1143, 1162, 1163, 1224, 1223
1144, 1163, 1164, 1225, 1224
1145, 1164, 1165, 1226, 1225
1146, 1165, 1166, 1227, 1226
1147, 1166, 1167, 1228, 1227
1148, 1167, 1168, 1229, 1228
1149, 1168, 1169, 1230, 1229
1150, 1169, 1170, 1231, 1230
1151, 1170, 1171, 1232, 1231
1152, 1171, 1172, 1233, 1232
1153, 1172, 1173, 1234, 1233
1154, 1173, 1174, 1235, 1234
1155, 1174, 1175, 1236, 1235
1156, 1175, 1176, 1237, 1236
1157, 1176, 1177, 1238, 1237
1158, 1177, 1178, 1239, 1238
1159, 1178, 1179, 1240, 1239
1160, 1179, 1180, 1241, 1240
1161, 1180, 1181, 1242, 1241
1162, 1181, 1182, 1243, 1242
1163, 1182, 1183, 1244, 1243
1164, 1183, 1184, 1245, 1244
1165, 1184, 1185, 1246, 1245
1166, 1185, 1186, 1247, 1246
1167, 1186, 1187, 1248, 1247
1168, 1187, 1188, 1249, 1248
1169, 1188, 1189, 1250, 1249
1170, 1189, 1190, 1251, 1250
1171, 1190, 1191, 1252, 1251
1172, 1191, 1192, 1253, 1252
1173, 1192, 1193, 1254, 1253
1174, 1193, 1194, 1255, 1254
1175, 1194, 1195, 1256, 1255
1176, 1195, 1196, 1257, 1256
1177, 1196, 1197, 1258, 1257
1178, 1197, 1198, 1259, 1258
1179, 1198, 1199, 1260, 1259
1180, 1199, 1200, 1261, 1260
1181, 1200, 1201, 1262, 1261
1182, 1201, 1202, 1263, 1262
1183, 1202, 1203, 1264, 1263
1184, 1203, 1204, 1265, 1264
1185, 1204, 1205, 1266, 1265
1186, 1205, 1206, 1267, 1266
1187, 1206, 1207, 1268, 1267
1188, 1207, 1208, 1269, 1268
1189, 1208, 1209, 1270, 1269
1190, 1209, 1210, 1271, 1270
1191, 1210, 1211, 1272, 1271
1192, 1211, 1212, 1273, 1272
1193, 1212, 1213, 1274, 1273
1194, 1213, 1214, 1275, 1274
1195, 1214, 1215, 1276, 1275
1196, 1215, 1216, 1277, 1276
1197, 1216, 1217, 1278, 1277
1198, 1217, 1218, 1279, 1278
1199, 1218, 1219, 1280, 1279
1200, 1219, 1220, 1281, 1280
1201, 1221, 1222, 1283, 1282
1202, 1222, 1223, 1284, 1283
1203, 1223, 1224, 1285, 1284
1204, 1224, 1225, 1286, 1285
1205, 1225, 1226, 1287, 1286
1206, 1226, 1227, 1288, 1287
1207, 1227, 1228, 1289, 1288
1208, 1228, 1229, 1290, 1289
1209, 1229, 1230, 1291, 1290
1210, 1230, 1231, 1292, 1291
1211, 1231, 1232, 1293, 1292
1212, 1232, 1233, 1294, 1293
1213, 1233, 1234, 1295, 1294
1214, 1234, 1235, 1296, 1295
1215, 1235, 1236, 1297, 1296
1216, 1236, 1237, 1298, 1297
1217, 1237, 1238, 1299, 1298
1218, 1238, 1239, 1300, 1299
1219, 1239, 1240, 1301, 1300
1220, 1240, 1241, 1302, 1301
1221, 1241, 1242, 1303, 1302
1222, 1242, 1243, 1304, 1303
1223, 1243, 1244, 1305, 1304
1224, 1244, 1245, 1306, 1305
1225, 1245, 1246, 1307, 1306
1226, 1246, 1247, 1308, 1307
1227, 1247, 1248, 1309, 1308
1228, 1248, 1249, 1310, 1309
1229, 1249, 1250, 1311, 1310
1230, 1250, 1251, 1312, 1311
1231, 1251, 1252, 1313, 1312
1232, 1252, 1253, 1314, 1313
1233, 1253, 1254, 1315, 1314
1234, 1254, 1255, 1316, 1315
1235, 1255, 1256, 1317, 1316
1236, 1256, 1257, 1318, 1317
1237, 1257, 1258, 1319, 1318
1238, 1258, 1259, 1320, 1319
1239, 1259, 1260, 1321, 1320
1240, 1260, 1261, 1322, 1321
1241, 1261, 1262, 1323, 1322
1242, 1262, 1263, 1324, 1323
1243, 1263, 1264, 1325, 1324
1244, 1264, 1265, 1326, 1325
1245, 1265, 1266, 1327, 1326
1246, 1266, 1267, 1328, 1327
1247, 1267, 1268, 1329, 1328
1248, 1268, 1269, 1330, 1329
1249, 1269, 1270, 1331, 1330
1250, 1270, 1271, 1332, 1331
1251, 1271, 1272, 1333, 1332
1252, 1272, 1273, 1334, 1333
1253, 1273, 1274, 1335, 1334
1254, 1274, 1275, 1336, 1335
1255, 1275, 1276, 1337, 1336
1256, 1276, 1277, 1338, 1337
1257, 1277, 1278, 1339, 1338
1258, 1278, 1279, 1340, 1339
1259, 1279, 1280, 1341, 1340
1260, 1280, 1281, 1342, 1341
1261, 1282, 1283, 1344, 1343
1262, 1283, 1284, 1345, 1344
1263, 1284, 1285, 1346, 1345
1264, 1285, 1286, 1347, 1346
1265, 1286, 1287, 1348, 1347
1266, 1287, 1288, 1349, 1348
1267, 1288, 1289, 1350, 1349
1268, 1289, 1290, 1351, 1350
1269, 1290, 1291, 1352, 1351
1270, 1291, 1292, 1353, 1352
1271, 1292, 1293, 1354, 1353
1272, 1293, 1294, 1355, 1354
1273, 1294, 1295, 1356, 1355
1274, 1295, 1296, 1357, 1356
1275, 1296, 1297, 1358, 1357
1276, 1297, 1298, 1359, 1358
1277, 1298, 1299, 1360, 1359
1278, 1299, 1300, 1361, 1360
1279, 1300, 1301, 1362, 1361
1280, 1301, 1302, 1363, 1362
1281, 1302, 1303, 1364, 1363
1282, 1303, 1304, 1365, 1364
1283, 1304, 1305, 1366, 1365
1284, 1305, 1306, 1367, 1366
1285, 1306, 1307, 1368, 1367
1286, 1307, 1308, 1369, 1368
1287, 1308, 1309, 1370, 1369
1288, 1309, 1310, 1371, 1370
1289, 1310, 1311, 1372, 1371
1290, 1311, 1312, 1373, 1372
1291, 1312, 1313, 1374, 1373
1292, 1313, 1314, 1375, 1374
1293, 1314, 1315, 1376, 1375
1294, 1315, 1316, 1377, 1376
1295, 1316, 1317, 1378, 1377
1296, 1317, 1318, 1379, 1378
1297, 1318, 1319, 1380, 1379
1298, 1319, 1320, 1381, 1380
1299, 1320, 1321, 1382, 1381
1300, 1321, 1322, 1383, 1382
1301, 1322, 1323, 1384, 1383
1302, 1323, 1324, 1385, 1384
1303, 1324, 1325, 1386, 1385
1304, 1325, 1326, 1387, 1386
1305, 1326, 1327, 1388, 1387
1306, 1327, 1328, 1389, 1388
1307, 1328, 1329, 1390, 1389
1308, 1329, 1330, 1391, 1390
1309, 1330, 1331, 1392, 1391
1310, 1331, 1332, 1393, 1392
1311, 1332, 1333, 1394, 1393
1312, 1333, 1334, 1395, 1394
1313, 1334, 1335, 1396, 1395
1314, 1335, 1336, 1397, 1396
1315, 1336, 1337, 1398, 1397
1316, 1337, 1338, 1399, 1398
1317, 1338, 1339, 1400, 1399
1318, 1339, 1340, 1401, 1400
1319, 1340, 1341, 1402, 1401
1320, 1341, 1342, 1403, 1402
1321, 1343, 1344, 1405, 1404
1322, 1344, 1345, 1406, 1405
1323, 1345, 1346, 1407, 1406
1324, 1346, 1347, 1408, 1407
1325, 1347, 1348, 1409, 1408
1326, 1348, 1349, 1410, 1409
1327, 1349, 1350, 1411, 1410
1328, 1350, 1351, 1412, 1411
1329, 1351, 1352, 1413, 1412
1330, 1352, 1353, 1414, 1413
1331, 1353, 1354, 1415, 1414
1332, 1354, 1355, 1416, 1415
1333, 1355, 1356, 1417, 1416
1334, 1356, 1357, 1418, 1417
1335, 1357, 1358, 1419, 1418
1336, 1358, 1359, 1420, 1419
1337, 1359, 1360, 1421, 1420
1338, 1360, 1361, 1422, 1421
1339, 1361, 1362, 1423, 1422
1340, 1362, 1363, 1424, 1423
1341, 1363, 1364, 1425, 1424
1342, 1364, 1365, 1426, 1425
1343, 1365, 1366, 1427, 1426
1344, 1366, 1367, 1428, 1427
1345, 1367, 1368, 1429, 1428
1346, 1368, 1369, 1430, 1429
1347, 1369, 1370, 1431, 1430
1348, 1370, 1371, 1432, 1431
1349, 1371, 1372, 1433, 1432
1350, 1372, 1373, 1434, 1433
1351, 1373, 1374, 1435, 1434
1352, 1374, 1375, 1436, 1435
1353, 1375, 1376, 1437, 1436
1354, 1376, 1377, 1438, 1437
1355, 1377, 1378, 1439, 1438
1356, 1378, 1379, 1440, 1439
1357, 1379, 1380, 1441, 1440
1358, 1380, 1381, 1442, 1441
1359, 1381, 1382, 1443, 1442
1360, 1382, 1383, 1444, 1443
1361, 1383, 1384, 1445, 1444
1362, 1384, 1385, 1446, 1445
1363, 1385, 1386, 1447, 1446
1364, 1386, 1387, 1448, 1447
1365, 1387, 1388, 1449, 1448
1366, 1388, 1389, 1450, 1449
1367, 1389, 1390, 1451, 1450
1368, 1390, 1391, 1452, 1451
1369, 1391, 1392, 1453, 1452
1370, 1392, 1393, 1454, 1453
1371, 1393, 1394, 1455, 1454
1372, 1394, 1395, 1456, 1455
1373, 1395, 1396, 1457, 1456
1374, 1396, 1397, 1458, 1457
1375, 1397, 1398, 1459, 1458
1376, 1398, 1399, 1460, 1459
1377, 1399, 1400, 1461, 1460
1378, 1400, 1401, 1462, 1461
1379, 1401, 1402, 1463, 1462
1380, 1402, 1403, 1464, 1463
1381, 1404, 1405, 1466, 1465
1382, 1405, 1406, 1467, 1466
1383, 1406, 1407, 1468, 1467
1384, 1407, 1408, 1469, 1468
1385, 1408, 1409, 1470, 1469
1386, 1409, 1410, 1471, 1470
1387, 1410, 1411, 1472, 1471
1388, 1411, 1412, 1473, 1472
1389, 1412, 1413, 1474, 1473
1390, 1413, 1414, 1475, 1474
1391, 1414, 1415, 1476, 1475
1392, 1415, 1416, 1477, 1476
1393, 1416, 1417, 1478, 1477
1394, 1417, 1418, 1479, 1478
1395, 1418, 1419, 1480, 1479
1396, 1419, 1420, 1481, 1480
1397, 1420, 1421, 1482, 1481
1398, 1421, 1422, 1483, 1482
1399, 1422, 1423, 1484, 1483
1400, 1423, 1424, 1485, 1484
1401, 1424, 1425, 1486, 1485
1402, 1425, 1426, 1487, 1486
1403, 1426, 1427, 1488, 1487
1404, 1427, 1428, 1489, 1488
1405, 1428, 1429, 1490, 1489
1406, 1429, 1430, 1491, 1490
1407, 1430, 1431, 1492, 1491
1408, 1431, 1432, 1493, 1492
1409, 1432, 1433, 1494, 1493
1410, 1433, 1434, 1495, 1494
1411, 1434, 1435, 1496, 1495
1412, 1435, 1436, 1497, 1496
1413, 1436, 1437, 1498, 1497
1414, 1437, 1438, 1499, 1498
1415, 1438, 1439, 1500, 1499
1416, 1439, 1440, 1501, 1500
1417, 1440, 1441, 1502, 1501
1418, 1441, 1442, 1503, 1502
1419, 1442, 1443, 1504, 1503
1420, 1443, 1444, 1505, 1504
1421, 1444, 1445, 1506, 1505
1422, 1445, 1446, 1507, 1506
1423, 1446, 1447, 1508, 1507
1424, 1447, 1448, 1509, 1508
1425, 1448, 1449, 1510, 1509
1426, 1449, 1450, 1511, 1510
1427, 1450, 1451, 1512, 1511
1428, 1451, 1452, 1513, 1512
1429, 1452, 1453, 1514, 1513
1430, 1453, 1454, 1515, 1514
1431, 1454, 1455, 1516, 1515
1432, 1455, 1456, 1517, 1516
1433, 1456, 1457, 1518, 1517
1434, 1457, 1458, 1519, 1518
1435, 1458, 1459, 1520, 1519
1436, 1459, 1460, 1521, 1520
1437, 1460, 1461, 1522, 1521
1438, 1461, 1462, 1523, 1522
1439, 1462, 1463, 1524, 1523
1440, 1463, 1464, 1525, 1524
1441, 1465, 1466, 1527, 1526
1442, 1466, 1467, 1528, 1527
1443, 1467, 1468, 1529, 1528
1444, 1468, 1469, 1530, 1529
1445, 1469, 1470, 1531, 1530
1446, 1470, 1471, 1532, 1531
1447, 1471, 1472, 1533, 1532
1448, 1472, 1473, 1534, 1533
1449, 1473, 1474, 1535, 1534
1450, 1474, 1475, 1536, 1535
1451, 1475, 1476, 1537, 1536
1452, 1476, 1477, 1538, 1537
1453, 1477, 1478, 1539, 1538
1454, 1478, 1479, 1540, 1539
1455, 1479, 1480, 1541, 1540
1456, 1480, 1481, 1542, 1541
1457, 1481, 1482, 1543, 1542
1458, 1482, 1483, 1544, 1543
1459, 1483, 1484, 1545, 1544
1460, 1484, 1485, 1546, 1545
1461, 1485, 1486, 1547, 1546
1462, 1486, 1487, 1548, 1547
1463, 1487, 1488, 1549, 1548
1464, 1488, 1489, 1550, 1549
1465, 1489, 1490, 1551, 1550
1466, 1490, 1491, 1552, 1551
1467, 1491, 1492, 1553, 1552
1468, 1492, 1493, 1554, 1553
1469, 1493, 1494, 1555, 1554
1470, 1494, 1495, 1556, 1555
1471, 1495, 1496, 1557, 1556
1472, 1496, 1497, 1558, 1557
1473, 1497, 1498, 1559, 1558
1474, 1498, 1499, 1560, 1559
1475, 1499, 1500, 1561, 1560
1476, 1500, 1501, 1562, 1561
1477, 1501, 1502, 1563, 1562
1478, 1502, 1503, 1564, 1563
1479, 1503, 1504, 1565, 1564
1480, 1504, 1505, 1566, 1565
1481, 1505, 1506, 1567, 1566
1482, 1506, 1507, 1568, 1567
1483, 1507, 1508, 1569, 1568
1484, 1508, 1509, 1570, 1569
1485, 1509, 1510, 1571, 1570
1486, 1510, 1511, 1572, 1571
1487, 1511, 1512, 1573, 1572
1488, 1512, 1513, 1574, 1573
1489, 1513, 1514, 1575, 1574
1490, 1514, 1515, 1576, 1575
1491, 1515, 1516, 1577, 1576
1492, 1516, 1517, 1578, 1577
1493, 1517, 1518, 1579, 1578
1494, 1518, 1519, 1580, 1579
1495, 1519, 1520, 1581, 1580
1496, 1520, 1521, 1582, 1581
1497, 1521, 1522, 1583, 1582
1498, 1522, 1523, 1584, 1583
1499, 1523, 1524, 1585, 1584
1500, 1524, 1525, 1586, 1585
1501, 1526, 1527, 1588, 1587
1502, 1527, 1528, 1589, 1588
1503, 1528, 1529, 1590, 1589
1504, 1529, 1530, 1591, 1590
1505, 1530, 1531, 1592, 1591
1506, 1531, 1532, 1593, 1592
1507, 1532, 1533, 1594, 1593
1508, 1533, 1534, 1595, 1594
1509, 1534, 1535, 1596, 1595
1510, 1535, 1536, 1597, 1596
1511, 1536, 1537, 1598, 1597
1512, 1537, 1538, 1599, 1598
1513, 1538, 1539, 1600, 1599
1514, 1539, 1540, 1601, 1600
1515, 1540, 1541, 1602, 1601
1516, 1541, 1542, 1603, 1602
1517, 1542, 1543, 1604, 1603
1518, 1543, 1544, 1605, 1604
1519, 1544, 1545, 1606, 1605
1520, 1545, 1546, 1607, 1606
1521, 1546, 1547, 1608, 1607
1522, 1547, 1548, 1609, 1608
1523, 1548, 1549, 1610, 1609
1524, 1549, 1550, 1611, 1610
1525, 1550, 1551, 1612, 1611
1526, 1551, 1552, 1613, 1612
1527, 1552, 1553, 1614, 1613
1528, 1553, 1554, 1615, 1614
1529, 1554, 1555, 1616, 1615
1530, 1555, 1556, 1617, 1616
1531, 1556, 1557, 1618, 1617
1532, 1557, 1558, 1619, 1618
1533, 1558, 1559, 1620, 1619
1534, 1559, 1560, 1621, 1620
1535, 1560, 1561, 1622, 1621
1536, 1561, 1562, 1623, 1622
1537, 1562, 1563, 1624, 1623
1538, 1563, 1564, 1625, 1624
1539, 1564, 1565, 1626, 1625
1540, 1565, 1566, 1627, 1626
1541, 1566, 1567, 1628, 1627
1542, 1567, 1568, 1629, 1628
1543, 1568, 1569, 1630, 1629
1544, 1569, 1570, 1631, 1630
1545, 1570, 1571, 1632, 1631
1546, 1571, 1572, 1633, 1632
1547, 1572, 1573, 1634, 1633
1548, 1573, 1574, 1635, 1634
1549, 1574, 1575, 1636, 1635
1550, 1575, 1576, 1637, 1636
1551, 1576, 1577, 1638, 1637
1552, 1577, 1578, 1639, 1638
1553, 1578, 1579, 1640, 1639
1554, 1579, 1580, 1641, 1640
1555, 1580, 1581, 1642, 1641
1556, 1581, 1582, 1643, 1642
1557, 1582, 1583, 1644, 1643
1558, 1583, 1584, 1645, 1644
1559, 1584, 1585, 1646, 1645
1560, 1585, 1586, 1647, 1646
1561, 1587, 1588, 1649, 1648
1562, 1588, 1589, 1650, 1649
1563, 1589, 1590, 1651, 1650
1564, 1590, 1591, 1652, 1651
1565, 1591, 1592, 1653, 1652
1566, 1592, 1593, 1654, 1653
1567, 1593, 1594, 1655, 1654
1568, 1594, 1595, 1656, 1655
1569, 1595, 1596, 1657, 1656
1570, 1596, 1597, 1658, 1657
1571, 1597, 1598, 1659, 1658
1572, 1598, 1599, 1660, 1659
1573, 1599, 1600, 1661, 1660
1574, 1600, 1601, 1662, 1661
1575, 1601, 1602, 1663, 1662
1576, 1602, 1603, 1664, 1663
1577, 1603, 1604, 1665, 1664
1578, 1604, 1605, 1666, 1665
1579, 1605, 1606, 1667, 1666
1580, 1606, 1607, 1668, 1667
1581, 1607, 1608, 1669, 1668
1582, 1608, 1609, 1670, 1669
1583, 1609, 1610, 1671, 1670
1584, 1610, 1611, 1672, 1671
1585, 1611, 1612, 1673, 1672
1586, 1612, 1613, 1674, 1673
1587, 1613, 1614, 1675, 1674
1588, 1614, 1615, 1676, 1675
1589, 1615, 1616, 1677, 1676
1590, 1616, 1617, 1678, 1677
1591, 1617, 1618, 1679, 1678
1592, 1618, 1619, 1680, 1679
1593, 1619, 1620, 1681, 1680
1594, 1620, 1621, 1682, 1681
1595, 1621, 1622, 1683, 1682
1596, 1622, 1623, 1684, 1683
1597, 1623, 1624, 1685, 1684
1598, 1624, 1625, 1686, 1685
1599, 1625, 1626, 1687, 1686
1600, 1626, 1627, 1688, 1687
1601, 1627, 1628, 1689, 1688
1602, 1628, 1629, 1690, 1689
1603, 1629, 1630, 1691, 1690
1604, 1630, 1631, 1692, 1691
1605, 1631, 1632, 1693, 1692
1606, 1632, 1633, 1694, 1693
1607, 1633, 1634, 1695, 1694
1608, 1634, 1635, 1696, 1695
1609, 1635, 1636, 1697, 1696
1610, 1636, 1637, 1698, 1697
1611, 1637, 1638, 1699, 1698
1612, 1638, 1639, 1700, 1699
1613, 1639, 1640, 1701, 1700
1614, 1640, 1641, 1702, 1701
1615, 1641, 1642, 1703, 1702
1616, 1642, 1643, 1704, 1703
1617, 1643, 1644, 1705, 1704
1618, 1644, 1645, 1706, 1705
1619, 1645, 1646, 1707, 1706
1620, 1646, 1647, 1708, 1707
1621, 1648, 1649, 1710, 1709
1622, 1649, 1650, 1711, 1710
1623, 1650, 1651, 1712, 1711
1624, 1651, 1652, 1713, 1712
1625, 1652, 1653, 1714, 1713
1626, 1653, 1654, 1715, 1714
1627, 1654, 1655, 1716, 1715
1628, 1655, 1656, 1717, 1716
1629, 1656, 1657, 1718, 1717
1630, 1657, 1658, 1719, 1718
1631, 1658, 1659, 1720, 1719
1632, 1659, 1660, 1721, 1720
1633, 1660, 1661, 1722, 1721
1634, 1661, 1662, 1723, 1722
1635, 1662, 1663, 1724, 1723
1636, 1663, 1664, 1725, 1724
1637, 1664, 1665, 1726, 1725
1638, 1665, 1666, 1727, 1726
1639, 1666, 1667, 1728, 1727
1640, 1667, 1668, 1729, 1728
1641, 1668, 1669, 1730, 1729
1642, 1669, 1670, 1731, 1730
1643, 1670, 1671, 1732, 1731
1644, 1671, 1672, 1733, 1732
1645, 1672, 1673, 1734, 1733
1646, 1673, 1674, 1735, 1734
1647, 1674, 1675, 1736, 1735
1648, 1675, 1676, 1737, 1736
1649, 1676, 1677, 1738, 1737
1650, 1677, 1678, 1739, 1738
1651, 1678, 1679, 1740, 1739
1652, 1679, 1680, 1741, 1740
1653, 1680, 1681, 1742, 1741
1654, 1681, 1682, 1743, 1742
1655, 1682, 1683, 1744, 1743
1656, 1683, 1684, 1745, 1744
1657, 1684, 1685, 1746, 1745
1658, 1685, 1686, 1747, 1746
1659, 1686, 1687, 1748, 1747
1660, 1687, 1688, 1749, 1748
1661, 1688, 1689, 1750, 1749
1662, 1689, 1690, 1751, 1750
1663, 1690, 1691, 1752, 1751
1664, 1691, 1692, 1753, 1752
1665, 1692, 1693, 1754, 1753
1666, 1693, 1694, 1755, 1754
1667, 1694, 1695, 1756, 1755
1668, 1695, 1696, 1757, 1756
1669, 1696, 1697, 1758, 1757
1670, 1697, 1698, 1759, 1758
1671, 1698, 1699, 1760, 1759
1672, 1699, 1700, 1761, 1760
1673, 1700, 1701, 1762, 1761
1674, 1701, 1702, 1763, 1762
1675, 1702, 1703, 1764, 1763
1676, 1703, 1704, 1765, 1764
1677, 1704, 1705, 1766, 1765
1678, 1705, 1706, 1767, 1766
1679, 1706, 1707, 1768, 1767
1680, 1707, 1708, 1769, 1768
1681, 1709, 1710, 1771, 1770
1682, 1710, 1711, 1772, 1771
1683, 1711, 1712, 1773, 1772
1684, 1712, 1713, 1774, 1773
1685, 1713, 1714, 1775, 1774
1686, 1714, 1715, 1776, 1775
1687, 1715, 1716, 1777, 1776
1688, 1716, 1717, 1778, 1777
1689, 1717, 1718, 1779, 1778
1690, 1718, 1719, 1780, 1779
1691, 1719, 1720, 1781, 1780
1692, 1720, 1721, 1782, 1781
1693, 1721, 1722, 1783, 1782
1694, 1722, 1723, 1784, 1783
1695, 1723, 1724, 1785, 1784
1696, 1724, 1725, 1786, 1785
1697, 1725, 1726, 1787, 1786
1698, 1726, 1727, 1788, 1787
1699, 1727, 1728, 1789, 1788
1700, 1728, 1729, 1790, 1789
1701, 1729, 1730, 1791, 1790
1702, 1730, 1731, 1792, 1791
1703, 1731, 1732, 1793, 1792
1704, 1732, 1733, 1794, 1793
1705, 1733, 1734, 1795, 1794
1706, 1734, 1735, 1796, 1795
1707, 1735, 1736, 1797, 1796
1708, 1736, 1737, 1798, 1797
1709, 1737, 1738, 1799, 1798
1710, 1738, 1739, 1800, 1799
1711, 1739, 1740, 1801, 1800
1712, 1740, 1741, 1802, 1801
1713, 1741, 1742, 1803, 1802
1714, 1742, 1743, 1804, 1803
1715, 1743, 1744, 1805, 1804
1716, 1744, 1745, 1806, 1805
1717, 1745, 1746, 1807, 1806
1718, 1746, 1747, 1808, 1807
1719, 1747, 1748, 1809, 1808
1720, 1748, 1749, 1810, 1809
1721, 1749, 1750, 1811, 1810
1722, 1750, 1751, 1812, 1811
1723, 1751, 1752, 1813, 1812
1724, 1752, 1753, 1814, 1813
1725, 1753, 1754, 1815, 1814
1726, 1754, 1755, 1816, 1815
1727, 1755, 1756, 1817, 1816
1728, 1756, 1757, 1818, 1817
1729, 1757, 1758, 1819, 1818
1730, 1758, 1759, 1820, 1819
1731, 1759, 1760, 1821, 1820
1732, 1760, 1761, 1822, 1821
1733, 1761, 1762, 1823, 1822
1734, 1762, 1763, 1824, 1823
1735, 1763, 1764, 1825, 1824
1736, 1764, 1765, 1826, 1825
1737, 1765, 1766, 1827, 1826
1738, 1766, 1767, 1828, 1827
1739, 1767, 1768, 1829, 1828
1740, 1768, 1769, 1830, 1829
1741, 1770, 1771, 1832, 1831
1742, 1771, 1772, 1833, 1832
1743, 1772, 1773, 1834, 1833
1744, 1773, 1774, 1835, 1834
1745, 1774, 1775, 1836, 1835
1746, 1775, 1776, 1837, 1836
1747, 1776, 1777, 1838, 1837
1748, 1777, 1778, 1839, 1838
1749, 1778, 1779, 1840, 1839
1750, 1779, 1780, 1841, 1840
1751, 1780, 1781, 1842, 1841
1752, 1781, 1782, 1843, 1842
1753, 1782, 1783, 1844, 1843
1754, 1783, 1784, 1845, 1844
1755, 1784, 1785, 1846, 1845
1756, 1785, 1786, 1847, 1846
1757, 1786, 1787, 1848, 1847
1758, 1787, 1788, 1849, 1848
1759, 1788, 1789, 1850, 1849
1760, 1789, 1790, 1851, 1850
1761, 1790, 1791, 1852, 1851
1762, 1791, 1792, 1853, 1852
1763, 1792, 1793, 1854, 1853
1764, 1793, 1794, 1855, 1854
1765, 1794, 1795, 1856, 1855
1766, 1795, 1796, 1857, 1856
1767, 1796, 1797, 1858, 1857
1768, 1797, 1798, 1859, 1858
1769, 1798, 1799, 1860, 1859
1770, 1799, 1800, 1861, 1860
1771, 1800, 1801, 1862, 1861
1772, 1801, 1802, 1863, 1862
1773, 1802, 1803, 1864, 1863
1774, 1803, 1804, 1865, 1864
1775, 1804, 1805, 1866, 1865
1776, 1805, 1806, 1867, 1866
1777, 1806, 1807, 1868, 1867
1778, 1807, 1808, 1869, 1868
1779, 1808, 1809, 1870, 1869
1780, 1809, 1810, 1871, 1870
1781, 1810, 1811, 1872, 1871
1782, 1811, 1812, 1873, 1872
1783, 1812, 1813, 1874, 1873
1784, 1813, 1814, 1875, 1874
1785, 1814, 1815, 1876, 1875
1786, 1815, 1816, 1877, 1876
1787, 1816, 1817, 1878, 1877
1788, 1817, 1818, 1879, 1878
1789, 1818, 1819, 1880, 1879
1790, 1819, 1820, 1881, 1880
1791, 1820, 1821, 1882, 1881
1792, 1821, 1822, 1883, 1882
1793, 1822, 1823, 1884, 1883
1794, 1823, 1824, 1885, 1884
1795, 1824, 1825, 1886, 1885
1796, 1825, 1826, 1887, 1886
1797, 1826, 1827, 1888, 1887
1798, 1827, 1828, 1889, 1888
1799, 1828, 1829, 1890, 1889
1800, 1829, 1830, 1891, 1890
1801, 1831, 1832, 1893, 1892
1802, 1832, 1833, 1894, 1893
1803, 1833, 1834, 1895, 1894
1804, 1834, 1835, 1896, 1895
1805, 1835, 1836, 1897, 1896
1806, 1836, 1837, 1898, 1897
1807, 1837, 1838, 1899, 1898
1808, 1838, 1839, 1900, 1899
1809, 1839, 1840, 1901, 1900
1810, 1840, 1841, 1902, 1901
1811, 1841, 1842, 1903, 1902
1812, 1842, 1843, 1904, 1903
1813, 1843, 1844, 1905, 1904
1814, 1844, 1845, 1906, 1905
1815, 1845, 1846, 1907, 1906
1816, 1846, 1847, 1908, 1907
1817, 1847, 1848, 1909, 1908
1818, 1848, 1849, 1910, 1909
1819, 1849, 1850, 1911, 1910
1820, 1850, 1851, 1912, 1911
1821, 1851, 1852, 1913, 1912
1822, 1852, 1853, 1914, 1913
1823, 1853, 1854, 1915, 1914
1824, 1854, 1855, 1916, 1915
1825, 1855, 1856, 1917, 1916
1826, 1856, 1857, 1918, 1917
1827, 1857, 1858, 1919, 1918
1828, 1858, 1859, 1920, 1919
1829, 1859, 1860, 1921, 1920
1830, 1860, 1861, 1922, 1921
1831, 1861, 1862, 1923, 1922
1832, 1862, 1863, 1924, 1923
1833, 1863, 1864, 1925, 1924
1834, 1864, 1865, 1926, 1925
1835, 1865, 1866, 1927, 1926
1836, 1866, 1867, 1928, 1927
1837, 1867, 1868, 1929, 1928
1838, 1868, 1869, 1930, 1929
1839, 1869, 1870, 1931, 1930
1840, 1870, 1871, 1932, 1931
1841, 1871, 1872, 1933, 1932
1842, 1872, 1873, 1934, 1933
1843, 1873, 1874, 1935, 1934
1844, 1874, 1875, 1936, 1935
1845, 1875, 1876, 1937, 1936
1846, 1876, 1877, 1938, 1937
1847, 1877, 1878, 1939, 1938
1848, 1878, 1879, 1940, 1939
1849, 1879, 1880, 1941, 1940
1850, 1880, 1881, 1942, 1941
1851, 1881, 1882, 1943, 1942
1852, 1882, 1883, 1944, 1943
1853, 1883, 1884, 1945, 1944
1854, 1884, 1885, 1946, 1945
1855, 1885, 1886, 1947, 1946
1856, 1886, 1887, 1948, 1947
1857, 1887, 1888, 1949, 1948
1858, 1888, 1889, 1950, 1949
1859, 1889, 1890, 1951, 1950
1860, 1890, 1891, 1952, 1951
1861, 1892, 1893, 1954, 1953
1862, 1893, 1894, 1955, 1954
1863, 1894, 1895, 1956, 1955
1864, 1895, 1896, 1957, 1956
1865, 1896, 1897, 1958, 1957
1866, 1897, 1898, 1959, 1958
1867, 1898, 1899, 1960, 1959
1868, 1899, 1900, 1961, 1960
1869, 1900, 1901, 1962, 1961
1870, 1901, 1902, 1963, 1962
1871, 1902, 1903, 1964, 1963
1872, 1903, 1904, 1965, 1964
1873, 1904, 1905, 1966, 1965
1874, 1905, 1906, 1967, 1966
1875, 1906, 1907, 1968, 1967
1876, 1907, 1908, 1969, 1968
1877, 1908, 1909, 1970, 1969
1878, 1909, 1910, 1971, 1970
1879, 1910, 1911, 1972, 1971
1880, 1911, 1912, 1973, 1972
1881, 1912, 1913, 1974, 1973
1882, 1913, 1914, 1975, 1974
1883, 1914, 1915, 1976, 1975
1884, 1915, 1916, 1977, 1976
1885, 1916, 1917, 1978, 1977
1886, 1917, 1918, 1979, 1978
1887, 1918, 1919, 1980, 1979
1888, 1919, 1920, 1981, 1980
1889, 1920, 1921, 1982, 1981
1890, 1921, 1922, 1983, 1982
1891, 1922, 1923, 1984, 1983
1892, 1923, 1924, 1985, 1984
1893, 1924, 1925, 1986, 1985
1894, 1925, 1926, 1987, 1986
1895, 1926, 1927, 1988, 1987
1896, 1927, 1928, 1989, 1988
1897, 1928, 1929, 1990, 1989
1898, 1929, 1930, 1991, 1990
1899, 1930, 1931, 1992, 1991
1900, 1931, 1932, 1993, 1992
1901, 1932, 1933, 1994, 1993
1902, 1933, 1934, 1995, 1994
1903, 1934, 1935, 1996, 1995
1904, 1935, 1936, 1997, 1996
1905, 1936, 1937, 1998, 1997
1906, 1937, 1938, 1999, 1998
1907, 1938, 1939, 2000, 1999
1908, 1939, 1940, 2001, 2000
1909, 1940, 1941, 2002, 2001
1910, 1941, 1942, 2003, 2002
1911, 1942, 1943, 2004, 2003
1912, 1943, 1944, 2005, 2004
1913, 1944, 1945, 2006, 2005
1914, 1945, 1946, 2007, 2006
1915, 1946, 1947, 2008, 2007
1916, 1947, 1948, 2009, 2008
1917, 1948, 1949, 2010, 2009
1918, 1949, 1950, 2011, 2010
1919, 1950, 1951, 2012, 2011
1920, 1951, 1952, 2013, 2012
1921, 1953, 1954, 2015, 2014
1922, 1954, 1955, 2016, 2015
1923, 1955, 1956, 2017, 2016
1924, 1956, 1957, 2018, 2017
1925, 1957, 1958, 2019, 2018
1926, 1958, 1959, 2020, 2019
1927, 1959, 1960, 2021, 2020
1928, 1960, 1961, 2022, 2021
1929, 1961, 1962, 2023, 2022
1930, 1962, 1963, 2024, 2023
1931, 1963, 1964, 2025, 2024
1932, 1964, 1965, 2026, 2025
1933, 1965, 1966, 2027, 2026
1934, 1966, 1967, 2028, 2027
1935, 1967, 1968, 2029, 2028
1936, 1968, 1969, 2030, 2029
1937, 1969, 1970, 2031, 2030
1938, 1970, 1971, 2032, 2031
1939, 1971, 1972, 2033, 2032
1940, 1972, 1973, 2034, 2033
1941, 1973, 1974, 2035, 2034
1942, 1974, 1975, 2036, 2035
1943, 1975, 1976, 2037, 2036
1944, 1976, 1977, 2038, 2037
1945, 1977, 1978, 2039, 2038
1946, 1978, 1979, 2040, 2039
1947, 1979, 1980, 2041, 2040
1948, 1980, 1981, 2042, 2041
1949, 1981, 1982, 2043, 2042
1950, 1982, 1983, 2044, 2043
1951, 1983, 1984, 2045, 2044
1952, 1984, 1985, 2046, 2045
1953, 1985, 1986, 2047, 2046
1954, 1986, 1987, 2048, 2047
1955, 1987, 1988, 2049, 2048
1956, 1988, 1989, 2050, 2049
1957, 1989, 1990, 2051, 2050
1958, 1990, 1991, 2052, 2051
1959, 1991, 1992, 2053, 2052
1960, 1992, 1993, 2054, 2053
1961, 1993, 1994, 2055, 2054
1962, 1994, 1995, 2056, 2055
1963, 1995, 1996, 2057, 2056
1964, 1996, 1997, 2058, 2057
1965, 1997, 1998, 2059, 2058
1966, 1998, 1999, 2060, 2059
1967, 1999, 2000, 2061, 2060
1968, 2000, 2001, 2062, 2061
1969, 2001, 2002, 2063, 2062
1970, 2002, 2003, 2064, 2063
1971, 2003, 2004, 2065, 2064
1972, 2004, 2005, 2066, 2065
1973, 2005, 2006, 2067, 2066
1974, 2006, 2007, 2068, 2067
1975, 2007, 2008, 2069, 2068
1976, 2008, 2009, 2070, 2069
1977, 2009, 2010, 2071, 2070
1978, 2010, 2011, 2072, 2071
1979, 2011, 2012, 2073, 2072
1980, 2012, 2013, 2074, 2073
1981, 2014, 2015, 2076, 2075
1982, 2015, 2016, 2077, 2076
1983, 2016, 2017, 2078, 2077
1984, 2017, 2018, 2079, 2078
1985, 2018, 2019, 2080, 2079
1986, 2019, 2020, 2081, 2080
1987, 2020, 2021, 2082, 2081
1988, 2021, 2022, 2083, 2082
1989, 2022, 2023, 2084, 2083
1990, 2023, 2024, 2085, 2084
1991, 2024, 2025, 2086, 2085
1992, 2025, 2026, 2087, 2086
1993, 2026, 2027, 2088, 2087
1994, 2027, 2028, 2089, 2088
1995, 2028, 2029, 2090, 2089
1996, 2029, 2030, 2091, 2090
1997, 2030, 2031, 2092, 2091
1998, 2031, 2032, 2093, 2092
1999, 2032, 2033, 2094, 2093
2000, 2033, 2034, 2095, 2094
2001, 2034, 2035, 2096, 2095
2002, 2035, 2036, 2097, 2096
2003, 2036, 2037, 2098, 2097
2004, 2037, 2038, 2099, 2098
2005, 2038, 2039, 2100, 2099
2006, 2039, 2040, 2101, 2100
2007, 2040, 2041, 2102, 2101
2008, 2041, 2042, 2103, 2102
2009, 2042, 2043, 2104, 2103
2010, 2043, 2044, 2105, 2104
2011, 2044, 2045, 2106, 2105
2012, 2045, 2046, 2107, 2106
2013, 2046, 2047, 2108, 2107
2014, 2047, 2048, 2109, 2108
2015, 2048, 2049, 2110, 2109
2016, 2049, 2050, 2111, 2110
2017, 2050, 2051, 2112, 2111
2018, 2051, 2052, 2113, 2112
2019, 2052, 2053, 2114, 2113
2020, 2053, 2054, 2115, 2114
2021, 2054, 2055, 2116, 2115
2022, 2055, 2056, 2117, 2116
2023, 2056, 2057, 2118, 2117
2024, 2057, 2058, 2119, 2118
2025, 2058, 2059, 2120, 2119
2026, 2059, 2060, 2121, 2120
2027, 2060, 2061, 2122, 2121
2028, 2061, 2062, 2123, 2122
2029, 2062, 2063, 2124, 2123
2030, 2063, 2064, 2125, 2124
2031, 2064, 2065, 2126, 2125
2032, 2065, 2066, 2127, 2126
2033, 2066, 2067, 2128, 2127
2034, 2067, 2068, 2129, 2128
2035, 2068, 2069, 2130, 2129
2036, 2069, 2070, 2131, 2130
2037, 2070, 2071, 2132, 2131
2038, 2071, 2072, 2133, 2132
2039, 2072, 2073, 2134, 2133
2040, 2073, 2074, 2135, 2134
2041, 2075, 2076, 2137, 2136
2042, 2076, 2077, 2138, 2137
2043, 2077, 2078, 2139, 2138
2044, 2078, 2079, 2140, 2139
2045, 2079, 2080, 2141, 2140
2046, 2080, 2081, 2142, 2141
2047, 2081, 2082, 2143, 2142
2048, 2082, 2083, 2144, 2143
2049, 2083, 2084, 2145, 2144
2050, 2084, 2085, 2146, 2145
2051, 2085, 2086, 2147, 2146
2052, 2086, 2087, 2148, 2147
2053, 2087, 2088, 2149, 2148
2054, 2088, 2089, 2150, 2149
2055, 2089, 2090, 2151, 2150
2056, 2090, 2091, 2152, 2151
2057, 2091, 2092, 2153, 2152
2058, 2092, 2093, 2154, 2153
2059, 2093, 2094, 2155, 2154
2060, 2094, 2095, 2156, 2155
2061, 2095, 2096, 2157, 2156
2062, 2096, 2097, 2158, 2157
2063, 2097, 2098, 2159, 2158
2064, 2098, 2099, 2160, 2159
2065, 2099, 2100, 2161, 2160
2066, 2100, 2101, 2162, 2161
2067, 2101, 2102, 2163, 2162
2068, 2102, 2103, 2164, 2163
2069, 2103, 2104, 2165, 2164
2070, 2104, 2105, 2166, 2165
2071, 2105, 2106, 2167, 2166
2072, 2106, 2107, 2168, 2167
2073, 2107, 2108, 2169, 2168
2074, 2108, 2109, 2170, 2169
2075, 2109, 2110, 2171, 2170
2076, 2110, 2111, 2172, 2171
2077, 2111, 2112, 2173, 2172
2078, 2112, 2113, 2174, 2173
2079, 2113, 2114, 2175, 2174
2080, 2114, 2115, 2176, 2175
2081, 2115, 2116, 2177, 2176
2082, 2116, 2117, 2178, 2177
2083, 2117, 2118, 2179, 2178
2084, 2118, 2119, 2180, 2179
2085, 2119, 2120, 2181, 2180
2086, 2120, 2121, 2182, 2181
2087, 2121, 2122, 2183, 2182
2088, 2122, 2123, 2184, 2183
2089, 2123, 2124, 2185, 2184
2090, 2124, 2125, 2186, 2185
2091, 2125, 2126, 2187, 2186
2092, 2126, 2127, 2188, 2187
2093, 2127, 2128, 2189, 2188
2094, 2128, 2129, 2190, 2189
2095, 2129, 2130, 2191, 2190
2096, 2130, 2131, 2192, 2191
2097, 2131, 2132, 2193, 2192
2098, 2132, 2133, 2194, 2193
2099, 2133, 2134, 2195, 2194
2100, 2134, 2135, 2196, 2195
2101, 2136, 2137, 2198, 2197
2102, 2137, 2138, 2199, 2198
2103, 2138, 2139, 2200, 2199
2104, 2139, 2140, 2201, 2200
2105, 2140, 2141, 2202, 2201
2106, 2141, 2142, 2203, 2202
2107, 2142, 2143, 2204, 2203
2108, 2143, 2144, 2205, 2204
2109, 2144, 2145, 2206, 2205
2110, 2145, 2146, 2207, 2206
2111, 2146, 2147, 2208, 2207
2112, 2147, 2148, 2209, 2208
2113, 2148, 2149, 2210, 2209
2114, 2149, 2150, 2211, 2210
2115, 2150, 2151, 2212, 2211
2116, 2151, 2152, 2213, 2212
2117, 2152, 2153, 2214, 2213
2118, 2153, 2154, 2215, 2214
2119, 2154, 2155, 2216, 2215
2120, 2155, 2156, 2217, 2216
2121, 2156, 2157, 2218, 2217
2122, 2157, 2158, 2219, 2218
2123, 2158, 2159, 2220, 2219
2124, 2159, 2160, 2221, 2220
2125, 2160, 2161, 2222, 2221
2126, 2161, 2162, 2223, 2222
2127, 2162, 2163, 2224, 2223
2128, 2163, 2164, 2225, 2224
2129, 2164, 2165, 2226, 2225
2130, 2165, 2166, 2227, 2226
2131, 2166, 2167, 2228, 2227
2132, 2167, 2168, 2229, 2228
2133, 2168, 2169, 2230, 2229
2134, 2169, 2170, 2231, 2230
2135, 2170, 2171, 2232, 2231
2136, 2171, 2172, 2233, 2232
2137, 2172, 2173, 2234, 2233
2138, 2173, 2174, 2235, 2234
2139, 2174, 2175, 2236, 2235
2140, 2175, 2176, 2237, 2236
2141, 2176, 2177, 2238, 2237
2142, 2177, 2178, 2239, 2238
2143, 2178, 2179, 2240, 2239
2144, 2179, 2180, 2241, 2240
2145, 2180, 2181, 2242, 2241
2146, 2181, 2182, 2243, 2242
2147, 2182, 2183, 2244, 2243
2148, 2183, 2184, 2245, 2244
2149, 2184, 2185, 2246, 2245
2150, 2185, 2186, 2247, 2246
2151, 2186, 2187, 2248, 2247
2152, 2187, 2188, 2249, 2248
2153, 2188, 2189, 2250, 2249
2154, 2189, 2190, 2251, 2250
2155, 2190, 2191, 2252, 2251
2156, 2191, 2192, 2253, 2252
2157, 2192, 2193, 2254, 2253
2158, 2193, 2194, 2255, 2254
2159, 2194, 2195, 2256, 2255
2160, 2195, 2196, 2257, 2256
2161, 2197, 2198, 2259, 2258
2162, 2198, 2199, 2260, 2259
2163, 2199, 2200, 2261, 2260
2164, 2200, 2201, 2262, 2261
2165, 2201, 2202, 2263, 2262
2166, 2202, 2203, 2264, 2263
2167, 2203, 2204, 2265, 2264
2168, 2204, 2205, 2266, 2265
2169, 2205, 2206, 2267, 2266
2170, 2206, 2207, 2268, 2267
2171, 2207, 2208, 2269, 2268
2172, 2208, 2209, 2270, 2269
2173, 2209, 2210, 2271, 2270
2174, 2210, 2211, 2272, 2271
2175, 2211, 2212, 2273, 2272
2176, 2212, 2213, 2274, 2273
2177, 2213, 2214, 2275, 2274
2178, 2214, 2215, 2276, 2275
2179, 2215, 2216, 2277, 2276
2180, 2216, 2217, 2278, 2277
2181, 2217, 2218, 2279, 2278
2182, 2218, 2219, 2280, 2279
2183, 2219, 2220, 2281, 2280
2184, 2220, 2221, 2282, 2281
2185, 2221, 2222, 2283, 2282
2186, 2222, 2223, 2284, 2283
2187, 2223, 2224, 2285, 2284
2188, 2224, 2225, 2286, 2285
2189, 2225, 2226, 2287, 2286
2190, 2226, 2227, 2288, 2287
2191, 2227, 2228, 2289, 2288
2192, 2228, 2229, 2290, 2289
2193, 2229, 2230, 2291, 2290
2194, 2230, 2231, 2292, 2291
2195, 2231, 2232, 2293, 2292
2196, 2232, 2233, 2294, 2293
2197, 2233, 2234, 2295, 2294
2198, 2234, 2235, 2296, 2295
2199, 2235, 2236, 2297, 2296
2200, 2236, 2237, 2298, 2297
2201, 2237, 2238, 2299, 2298
2202, 2238, 2239, 2300, 2299
2203, 2239, 2240, 2301, 2300
2204, 2240, 2241, 2302, 2301
2205, 2241, 2242, 2303, 2302
2206, 2242, 2243, 2304, 2303
2207, 2243, 2244, 2305, 2304
2208, 2244, 2245, 2306, 2305
2209, 2245, 2246, 2307, 2306
2210, 2246, 2247, 2308, 2307
2211, 2247, 2248, 2309, 2308
2212, 2248, 2249, 2310, 2309
2213, 2249, 2250, 2311, 2310
2214, 2250, 2251, 2312, 2311
2215, 2251, 2252, 2313, 2312
2216, 2252, 2253, 2314, 2313
2217, 2253, 2254, 2315, 2314
2218, 2254, 2255, 2316, 2315
2219, 2255, 2256, 2317, 2316
2220, 2256, 2257, 2318, 2317
2221, 2258, 2259, 2320, 2319
2222, 2259, 2260, 2321, 2320
2223, 2260, 2261, 2322, 2321
2224, 2261, 2262, 2323, 2322
2225, 2262, 2263, 2324, 2323
2226, 2263, 2264, 2325, 2324
2227, 2264, 2265, 2326, 2325
2228, 2265, 2266, 2327, 2326
2229, 2266, 2267, 2328, 2327
2230, 2267, 2268, 2329, 2328
2231, 2268, 2269, 2330, 2329
2232, 2269, 2270, 2331, 2330
2233, 2270, 2271, 2332, 2331
2234, 2271, 2272, 2333, 2332
2235, 2272, 2273, 2334, 2333
2236, 2273, 2274, 2335, 2334
2237, 2274, 2275, 2336, 2335
2238, 2275, 2276, 2337, 2336
2239, 2276, 2277, 2338, 2337
2240, 2277, 2278, 2339, 2338
2241, 2278, 2279, 2340, 2339
2242, 2279, 2280, 2341, 2340
2243, 2280, 2281, 2342, 2341
2244, 2281, 2282, 2343, 2342
2245, 2282, 2283, 2344, 2343
2246, 2283, 2284, 2345, 2344
2247, 2284, 2285, 2346, 2345
2248, 2285, 2286, 2347, 2346
2249, 2286, 2287, 2348, 2347
2250, 2287, 2288, 2349, 2348
2251, 2288, 2289, 2350, 2349
2252, 2289, 2290, 2351, 2350
2253, 2290, 2291, 2352, 2351
2254, 2291, 2292, 2353, 2352
2255, 2292, 2293, 2354, 2353
2256, 2293, 2294, 2355, 2354
2257, 2294, 2295, 2356, 2355
2258, 2295, 2296, 2357, 2356
2259, 2296, 2297, 2358, 2357
2260, 2297, 2298, 2359, 2358
2261, 2298, 2299, 2360, 2359
2262, 2299, 2300, 2361, 2360
2263, 2300, 2301, 2362, 2361
2264, 2301, 2302, 2363, 2362
2265, 2302, 2303, 2364, 2363
2266, 2303, 2304, 2365, 2364
2267, 2304, 2305, 2366, 2365
2268, 2305, 2306, 2367, 2366
2269, 2306, 2307, 2368, 2367
2270, 2307, 2308, 2369, 2368
2271, 2308, 2309, 2370, 2369
2272, 2309, 2310, 2371, 2370
2273, 2310, 2311, 2372, 2371
2274, 2311, 2312, 2373, 2372
2275, 2312, 2313, 2374, 2373
2276, 2313, 2314, 2375, 2374
2277, 2314, 2315, 2376, 2375
2278, 2315, 2316, 2377, 2376
2279, 2316, 2317, 2378, 2377
2280, 2317, 2318, 2379, 2378
2281, 2319, 2320, 2381, 2380
2282, 2320, 2321, 2382, 2381
2283, 2321, 2322, 2383, 2382
2284, 2322, 2323, 2384, 2383
2285, 2323, 2324, 2385, 2384
2286, 2324, 2325, 2386, 2385
2287, 2325, 2326, 2387, 2386
2288, 2326, 2327, 2388, 2387
2289, 2327, 2328, 2389, 2388
2290, 2328, 2329, 2390, 2389
2291, 2329, 2330, 2391, 2390
2292, 2330, 2331, 2392, 2391
2293, 2331, 2332, 2393, 2392
2294, 2332, 2333, 2394, 2393
2295, 2333, 2334, 2395, 2394
2296, 2334, 2335, 2396, 2395
2297, 2335, 2336, 2397, 2396
2298, 2336, 2337, 2398, 2397
2299, 2337, 2338, 2399, 2398
2300, 2338, 2339, 2400, 2399
2301, 2339, 2340, 2401, 2400
2302, 2340, 2341, 2402, 2401
2303, 2341, 2342, 2403, 2402
2304, 2342, 2343, 2404, 2403
2305, 2343, 2344, 2405, 2404
2306, 2344, 2345, 2406, 2405
2307, 2345, 2346, 2407, 2406
2308, 2346, 2347, 2408, 2407
2309, 2347, 2348, 2409, 2408
2310, 2348, 2349, 2410, 2409
2311, 2349, 2350, 2411, 2410
2312, 2350, 2351, 2412, 2411
2313, 2351, 2352, 2413, 2412
2314, 2352, 2353, 2414, 2413
2315, 2353, 2354, 2415, 2414
2316, 2354, 2355, 2416, 2415
2317, 2355, 2356, 2417, 2416
2318, 2356, 2357, 2418, 2417
2319, 2357, 2358, 2419, 2418
2320, 2358, 2359, 2420, 2419
2321, 2359, 2360, 2421, 2420
2322, 2360, 2361, 2422, 2421
2323, 2361, 2362, 2423, 2422
2324, 2362, 2363, 2424, 2423
2325, 2363, 2364, 2425, 2424
2326, 2364, 2365, 2426, 2425
2327, 2365, 2366, 2427, 2426
2328, 2366, 2367, 2428, 2427
2329, 2367, 2368, 2429, 2428
2330, 2368, 2369, 2430, 2429
2331, 2369, 2370, 2431, 2430
2332, 2370, 2371, 2432, 2431
2333, 2371, 2372, 2433, 2432
2334, 2372, 2373, 2434, 2433
2335, 2373, 2374, 2435, 2434
2336, 2374, 2375, 2436, 2435
2337, 2375, 2376, 2437, 2436
2338, 2376, 2377, 2438, 2437
2339, 2377, 2378, 2439, 2438
2340, 2378, 2379, 2440, 2439
2341, 2380, 2381, 2442, 2441
2342, 2381, 2382, 2443, 2442
2343, 2382, 2383, 2444, 2443
2344, 2383, 2384, 2445, 2444
2345, 2384, 2385, 2446, 2445
2346, 2385, 2386, 2447, 2446
2347, 2386, 2387, 2448, 2447
2348, 2387, 2388, 2449, 2448
2349, 2388, 2389, 2450, 2449
2350, 2389, 2390, 2451, 2450
2351, 2390, 2391, 2452, 2451
2352, 2391, 2392, 2453, 2452
2353, 2392, 2393, 2454, 2453
2354, 2393, 2394, 2455, 2454
2355, 2394, 2395, 2456, 2455
2356, 2395, 2396, 2457, 2456
2357, 2396, 2397, 2458, 2457
2358, 2397, 2398, 2459, 2458
2359, 2398, 2399, 2460, 2459
2360, 2399, 2400, 2461, 2460
2361, 2400, 2401, 2462, 2461
2362, 2401, 2402, 2463, 2462
2363, 2402, 2403, 2464, 2463
2364, 2403, 2404, 2465, 2464
2365, 2404, 2405, 2466, 2465
2366, 2405, 2406, 2467, 2466
2367, 2406, 2407, 2468, 2467
2368, 2407, 2408, 2469, 2468
2369, 2408, 2409, 2470, 2469
2370, 2409, 2410, 2471, 2470
2371, 2410, 2411, 2472, 2471
2372, 2411, 2412, 2473, 2472
2373, 2412, 2413, 2474, 2473
2374, 2413, 2414, 2475, 2474
2375, 2414, 2415, 2476, 2475
2376, 2415, 2416, 2477, 2476
2377, 2416, 2417, 2478, 2477
2378, 2417, 2418, 2479, 2478
2379, 2418, 2419, 2480, 2479
2380, 2419, 2420, 2481, 2480
2381, 2420, 2421, 2482, 2481
2382, 2421, 2422, 2483, 2482
2383, 2422, 2423, 2484, 2483
2384, 2423, 2424, 2485, 2484
2385, 2424, 2425, 2486, 2485
2386, 2425, 2426, 2487, 2486
2387, 2426, 2427, 2488, 2487
2388, 2427, 2428, 2489, 2488
2389, 2428, 2429, 2490, 2489
2390, 2429, 2430, 2491, 2490
2391, 2430, 2431, 2492, 2491
2392, 2431, 2432, 2493, 2492
2393, 2432, 2433, 2494, 2493
2394, 2433, 2434, 2495, 2494
2395, 2434, 2435, 2496, 2495
2396, 2435, 2436, 2497, 2496
2397, 2436, 2437, 2498, 2497
2398, 2437, 2438, 2499, 2498
2399, 2438, 2439, 2500, 2499
2400, 2439, 2440, 2501, 2500