1,60,30,0
2,58,30,0
3,56,30,0
4,54,30,0
5,52,30,0
6,50,30,0
7,48,30,0
8,46,30,0
9,44,30,0
10,42,30,0
11,40,30,0
12,38,30,0
13,36,30,0
14,34,30,0
15,32,30,0
16,30,30,0
17,28,30,0
18,26,30,0
19,24,30,0
20,22,30,0
21,20,30,0
22,18,30,0
23,16,30,0
24,14,30,0
25,12,30,0
26,10,30,0
27,8,30,0
28,6,30,0
29,4,30,0
30,2,30,0
31,0,30,0
32,-2,30,0
33,-4,30,0
34,-6,30,0
35,-8,30,0
36,-10,30,0
37,-12,30,0
38,-14,30,0
39,-16,30,0
40,-18,30,0
41,-20,30,0
42,-22,30,0
43,-24,30,0
44,-26,30,0
45,-28,30,0
46,-30,30,0
47,-32,30,0
48,-34,30,0
49,-36,30,0
50,-38,30,0
51,-40,30,0
52,-42,30,0
53,-44,30,0
54,-46,30,0
55,-48,30,0
56,-50,30,0
57,-52,30,0
58,-54,30,0
59,-56,30,0
60,-58,30,0
61,-60,30,0
62,60,28.5,0
63,58,28.5,0
64,56,28.5,0
65,54,28.5,0
66,52,28.5,0
67,50,28.5,0
68,48,28.5,0
69,46,28.5,0
70,44,28.5,0
71,42,28.5,0
72,40,28.5,0
73,38,28.5,0
74,36,28.5,0
75,34,28.5,0
76,32,28.5,0
77,30,28.5,0
78,28,28.5,0
79,26,28.5,0
80,24,28.5,0
81,22,28.5,0
82,20,28.5,0
83,18,28.5,0
84,16,28.5,0
85,14,28.5,0
86,12,28.5,0
87,10,28.5,0
88,8,28.5,0
89,6,28.5,0
90,4,28.5,0
91,2,28.5,0
92,0,28.5,0
93,-2,28.5,0
94,-4,28.5,0
95,-6,28.5,0
96,-8,28.5,0
97,-10,28.5,0
98,-12,28.5,0
99,-14,28.5,0
100,-16,28.5,0
101,-18,28.5,0
102,-20,28.5,0
103,-22,28.5,0
104,-24,28.5,0
105,-26,28.5,0
106,-28,28.5,0
107,-30,28.5,0
108,-32,28.5,0
109,-34,28.5,0
110,-36,28.5,0
111,-38,28.5,0
112,-40,28.5,0
113,-42,28.5,0
114,-44,28.5,0
115,-46,28.5,0
116,-48,28.5,0
117,-50,28.5,0
118,-52,28.5,0
119,-54,28.5,0
120,-56,28.5,0
121,-58,28.5,0
122,-60,28.5,0
123,60,27,0
124,58,27,0
125,56,27,0
126,54,27,0
127,52,27,0
128,50,27,0
129,48,27,0
130,46,27,0
131,44,27,0
132,42,27,0
133,40,27,0
134,38,27,0
135,36,27,0
136,34,27,0
137,32,27,0
138,30,27,0
139,28,27,0
140,26,27,0
141,24,27,0
142,22,27,0
143,20,27,0
144,18,27,0
145,16,27,0
146,14,27,0
147,12,27,0
148,10,27,0
149,8,27,0
150,6,27,0
151,4,27,0
152,2,27,0
153,0,27,0
154,-2,27,0
155,-4,27,0
156,-6,27,0
157,-8,27,0
158,-10,27,0
159,-12,27,0
160,-14,27,0
161,-16,27,0
162,-18,27,0
163,-20,27,0
164,-22,27,0
165,-24,27,0
166,-26,27,0
167,-28,27,0
168,-30,27,0
169,-32,27,0
170,-34,27,0
171,-36,27,0
172,-38,27,0
173,-40,27,0
174,-42,27,0
175,-44,27,0
176,-46,27,0
177,-48,27,0
178,-50,27,0
179,-52,27,0
180,-54,27,0
181,-56,27,0
182,-58,27,0
183,-60,27,0
184,60,25.5,0
185,58,25.5,0
186,56,25.5,0
187,54,25.5,0
188,52,25.5,0
189,50,25.5,0
190,48,25.5,0
191,46,25.5,0
192,44,25.5,0
193,42,25.5,0
194,40,25.5,0
195,38,25.5,0
196,36,25.5,0
197,34,25.5,0
198,32,25.5,0
199,30,25.5,0
200,28,25.5,0
201,26,25.5,0
202,24,25.5,0
203,22,25.5,0
204,20,25.5,0
205,18,25.5,0
206,16,25.5,0
207,14,25.5,0
208,12,25.5,0
209,10,25.5,0
210,8,25.5,0
211,6,25.5,0
212,4,25.5,0
213,2,25.5,0
214,0,25.5,0
215,-2,25.5,0
216,-4,25.5,0
217,-6,25.5,0
218,-8,25.5,0
219,-10,25.5,0
220,-12,25.5,0
221,-14,25.5,0
222,-16,25.5,0
223,-18,25.5,0
224,-20,25.5,0
225,-22,25.5,0
226,-24,25.5,0
227,-26,25.5,0
228,-28,25.5,0
229,-30,25.5,0
230,-32,25.5,0
231,-34,25.5,0
232,-36,25.5,0
233,-38,25.5,0
234,-40,25.5,0
235,-42,25.5,0
236,-44,25.5,0
237,-46,25.5,0
238,-48,25.5,0
239,-50,25.5,0
240,-52,25.5,0
241,-54,25.5,0
242,-56,25.5,0
243,-58,25.5,0
244,-60,25.5,0
245,60,24,0
246,58,24,0
247,56,24,0
248,54,24,0
249,52,24,0
250,50,24,0
251,48,24,0
252,46,24,0
253,44,24,0
254,42,24,0
255,40,24,0
256,38,24,0
257,36,24,0
258,34,24,0
259,32,24,0
260,30,24,0
261,28,24,0
262,26,24,0
263,24,24,0
264,22,24,0
265,20,24,0
266,18,24,0
267,16,24,0
268,14,24,0
269,12,24,0
270,10,24,0
271,8,24,0
272,6,24,0
273,4,24,0
274,2,24,0
275,0,24,0
276,-2,24,0
277,-4,24,0
278,-6,24,0
279,-8,24,0
280,-10,24,0
281,-12,24,0
282,-14,24,0
283,-16,24,0
284,-18,24,0
285,-20,24,0
286,-22,24,0
287,-24,24,0
288,-26,24,0
289,-28,24,0
290,-30,24,0
291,-32,24,0
292,-34,24,0
293,-36,24,0
294,-38,24,0
295,-40,24,0
296,-42,24,0
297,-44,24,0
298,-46,24,0
299,-48,24,0
300,-50,24,0
301,-52,24,0
302,-54,24,0
303,-56,24,0
304,-58,24,0
305,-60,24,0
306,60,22.5,0
307,58,22.5,0
308,56,22.5,0
309,54,22.5,0
310,52,22.5,0
311,50,22.5,0
312,48,22.5,0
313,46,22.5,0
314,44,22.5,0
315,42,22.5,0
316,40,22.5,0
317,38,22.5,0
318,36,22.5,0
319,34,22.5,0
320,32,22.5,0
321,30,22.5,0
322,28,22.5,0
323,26,22.5,0
324,24,22.5,0
325,22,22.5,0
326,20,22.5,0
327,18,22.5,0
328,16,22.5,0
329,14,22.5,0
330,12,22.5,0
331,10,22.5,0
332,8,22.5,0
333,6,22.5,0
334,4,22.5,0
335,2,22.5,0
336,0,22.5,0
337,-2,22.5,0
338,-4,22.5,0
339,-6,22.5,0
340,-8,22.5,0
341,-10,22.5,0
342,-12,22.5,0
343,-14,22.5,0
344,-16,22.5,0
345,-18,22.5,0
346,-20,22.5,0
347,-22,22.5,0
348,-24,22.5,0
349,-26,22.5,0
350,-28,22.5,0
351,-30,22.5,0
352,-32,22.5,0
353,-34,22.5,0
354,-36,22.5,0
355,-38,22.5,0
356,-40,22.5,0
357,-42,22.5,0
358,-44,22.5,0
359,-46,22.5,0
360,-48,22.5,0
361,-50,22.5,0
362,-52,22.5,0
363,-54,22.5,0
364,-56,22.5,0
365,-58,22.5,0
366,-60,22.5,0
367,60,21,0
368,58,21,0
369,56,21,0
370,54,21,0
371,52,21,0
372,50,21,0
373,48,21,0
374,46,21,0
375,44,21,0
376,42,21,0
377,40,21,0
378,38,21,0
379,36,21,0
380,34,21,0
381,32,21,0
382,30,21,0
383,28,21,0
384,26,21,0
385,24,21,0
386,22,21,0
387,20,21,0
388,18,21,0
389,16,21,0
390,14,21,0
391,12,21,0
392,10,21,0
393,8,21,0
394,6,21,0
395,4,21,0
396,2,21,0
397,0,21,0
398,-2,21,0
399,-4,21,0
400,-6,21,0
401,-8,21,0
402,-10,21,0
403,-12,21,0
404,-14,21,0
405,-16,21,0
406,-18,21,0
407,-20,21,0
408,-22,21,0
409,-24,21,0
410,-26,21,0
411,-28,21,0
412,-30,21,0
413,-32,21,0
414,-34,21,0
415,-36,21,0
416,-38,21,0
417,-40,21,0
418,-42,21,0
419,-44,21,0
420,-46,21,0
421,-48,21,0
422,-50,21,0
423,-52,21,0
424,-54,21,0
425,-56,21,0
426,-58,21,0
427,-60,21,0
428,60,19.5,0
429,58,19.5,0
430,56,19.5,0
431,54,19.5,0
432,52,19.5,0
433,50,19.5,0
434,48,19.5,0
435,46,19.5,0
436,44,19.5,0
437,42,19.5,0
438,40,19.5,0
439,38,19.5,0
440,36,19.5,0
441,34,19.5,0
442,32,19.5,0
443,30,19.5,0
444,28,19.5,0
445,26,19.5,0
446,24,19.5,0
447,22,19.5,0
448,20,19.5,0
449,18,19.5,0
450,16,19.5,0
451,14,19.5,0
452,12,19.5,0
453,10,19.5,0
454,8,19.5,0
455,6,19.5,0
456,4,19.5,0
457,2,19.5,0
458,0,19.5,0
459,-2,19.5,0
460,-4,19.5,0
461,-6,19.5,0
462,-8,19.5,0
463,-10,19.5,0
464,-12,19.5,0
465,-14,19.5,0
466,-16,19.5,0
467,-18,19.5,0
468,-20,19.5,0
469,-22,19.5,0
470,-24,19.5,0
471,-26,19.5,0
472,-28,19.5,0
473,-30,19.5,0
474,-32,19.5,0
475,-34,19.5,0
476,-36,19.5,0
477,-38,19.5,0
478,-40,19.5,0
479,-42,19.5,0
480,-44,19.5,0
481,-46,19.5,0
482,-48,19.5,0
483,-50,19.5,0
484,-52,19.5,0
485,-54,19.5,0
486,-56,19.5,0
487,-58,19.5,0
488,-60,19.5,0
489,60,18,0
490,58,18,0
491,56,18,0
492,54,18,0
493,52,18,0
494,50,18,0
495,48,18,0
496,46,18,0
497,44,18,0
498,42,18,0
499,40,18,0
500,38,18,0
501,36,18,0
502,34,18,0
503,32,18,0
504,30,18,0
505,28,18,0
506,26,18,0
507,24,18,0
508,22,18,0
509,20,18,0
510,18,18,0
511,16,18,0
512,14,18,0
513,12,18,0
514,10,18,0
515,8,18,0
516,6,18,0
517,4,18,0
518,2,18,0
519,0,18,0
520,-2,18,0
521,-4,18,0
522,-6,18,0
523,-8,18,0
524,-10,18,0
525,-12,18,0
526,-14,18,0
527,-16,18,0
528,-18,18,0
529,-20,18,0
530,-22,18,0
531,-24,18,0
532,-26,18,0
533,-28,18,0
534,-30,18,0
535,-32,18,0
536,-34,18,0
537,-36,18,0
538,-38,18,0
539,-40,18,0
540,-42,18,0
541,-44,18,0
542,-46,18,0
543,-48,18,0
544,-50,18,0
545,-52,18,0
546,-54,18,0
547,-56,18,0
548,-58,18,0
549,-60,18,0
550,60,16.5,0
551,58,16.5,0
552,56,16.5,0
553,54,16.5,0
554,52,16.5,0
555,50,16.5,0
556,48,16.5,0
557,46,16.5,0
558,44,16.5,0
559,42,16.5,0
560,40,16.5,0
561,38,16.5,0
562,36,16.5,0
563,34,16.5,0
564,32,16.5,0
565,30,16.5,0
566,28,16.5,0
567,26,16.5,0
568,24,16.5,0
569,22,16.5,0
570,20,16.5,0
571,18,16.5,0
572,16,16.5,0
573,14,16.5,0
574,12,16.5,0
575,10,16.5,0
576,8,16.5,0
577,6,16.5,0
578,4,16.5,0
579,2,16.5,0
580,0,16.5,0
581,-2,16.5,0
582,-4,16.5,0
583,-6,16.5,0
584,-8,16.5,0
585,-10,16.5,0
586,-12,16.5,0
587,-14,16.5,0
588,-16,16.5,0
589,-18,16.5,0
590,-20,16.5,0
591,-22,16.5,0
592,-24,16.5,0
593,-26,16.5,0
594,-28,16.5,0
595,-30,16.5,0
596,-32,16.5,0
597,-34,16.5,0
598,-36,16.5,0
599,-38,16.5,0
600,-40,16.5,0
601,-42,16.5,0
602,-44,16.5,0
603,-46,16.5,0
604,-48,16.5,0
605,-50,16.5,0
606,-52,16.5,0
607,-54,16.5,0
608,-56,16.5,0
609,-58,16.5,0
610,-60,16.5,0
611,60,15,0
612,58,15,0
613,56,15,0
614,54,15,0
615,52,15,0
616,50,15,0
617,48,15,0
618,46,15,0
619,44,15,0
620,42,15,0
621,40,15,0
622,38,15,0
623,36,15,0
624,34,15,0
625,32,15,0
626,30,15,0
627,28,15,0
628,26,15,0
629,24,15,0
630,22,15,0
631,20,15,0
632,18,15,0
633,16,15,0
634,14,15,0
635,12,15,0
636,10,15,0
637,8,15,0
638,6,15,0
639,4,15,0
640,2,15,0
641,0,15,0
642,-2,15,0
643,-4,15,0
644,-6,15,0
645,-8,15,0
646,-10,15,0
647,-12,15,0
648,-14,15,0
649,-16,15,0
650,-18,15,0
651,-20,15,0
652,-22,15,0
653,-24,15,0
654,-26,15,0
655,-28,15,0
656,-30,15,0
657,-32,15,0
658,-34,15,0
659,-36,15,0
660,-38,15,0
661,-40,15,0
662,-42,15,0
663,-44,15,0
664,-46,15,0
665,-48,15,0
666,-50,15,0
667,-52,15,0
668,-54,15,0
669,-56,15,0
670,-58,15,0
671,-60,15,0
672,60,13.5,0
673,58,13.5,0
674,56,13.5,0
675,54,13.5,0
676,52,13.5,0
677,50,13.5,0
678,48,13.5,0
679,46,13.5,0
680,44,13.5,0
681,42,13.5,0
682,40,13.5,0
683,38,13.5,0
684,36,13.5,0
685,34,13.5,0
686,32,13.5,0
687,30,13.5,0
688,28,13.5,0
689,26,13.5,0
690,24,13.5,0
691,22,13.5,0
692,20,13.5,0
693,18,13.5,0
694,16,13.5,0
695,14,13.5,0
696,12,13.5,0
697,10,13.5,0
698,8,13.5,0
699,6,13.5,0
700,4,13.5,0
701,2,13.5,0
702,0,13.5,0
703,-2,13.5,0
704,-4,13.5,0
705,-6,13.5,0
706,-8,13.5,0
707,-10,13.5,0
708,-12,13.5,0
709,-14,13.5,0
710,-16,13.5,0
711,-18,13.5,0
712,-20,13.5,0
713,-22,13.5,0
714,-24,13.5,0
715,-26,13.5,0
716,-28,13.5,0
717,-30,13.5,0
718,-32,13.5,0
719,-34,13.5,0
720,-36,13.5,0
721,-38,13.5,0
722,-40,13.5,0
723,-42,13.5,0
724,-44,13.5,0
725,-46,13.5,0
726,-48,13.5,0
727,-50,13.5,0
728,-52,13.5,0
729,-54,13.5,0
730,-56,13.5,0
731,-58,13.5,0
732,-60,13.5,0
733,60,12,0
734,58,12,0
735,56,12,0
736,54,12,0
737,52,12,0
738,50,12,0
739,48,12,0
740,46,12,0
741,44,12,0
742,42,12,0
743,40,12,0
744,38,12,0
745,36,12,0
746,34,12,0
747,32,12,0
748,30,12,0
749,28,12,0
750,26,12,0
751,24,12,0
752,22,12,0
753,20,12,0
754,18,12,0
755,16,12,0
756,14,12,0
757,12,12,0
758,10,12,0
759,8,12,0
760,6,12,0
761,4,12,0
762,2,12,0
763,0,12,0
764,-2,12,0
765,-4,12,0
766,-6,12,0
767,-8,12,0
768,-10,12,0
769,-12,12,0
770,-14,12,0
771,-16,12,0
772,-18,12,0
773,-20,12,0
774,-22,12,0
775,-24,12,0
776,-26,12,0
777,-28,12,0
778,-30,12,0
779,-32,12,0
780,-34,12,0
781,-36,12,0
782,-38,12,0
783,-40,12,0
784,-42,12,0
785,-44,12,0
786,-46,12,0
787,-48,12,0
788,-50,12,0
789,-52,12,0
790,-54,12,0
791,-56,12,0
792,-58,12,0
793,-60,12,0
794,60,10.5,0
795,58,10.5,0
796,56,10.5,0
797,54,10.5,0
798,52,10.5,0
799,50,10.5,0
800,48,10.5,0
801,46,10.5,0
802,44,10.5,0
803,42,10.5,0
804,40,10.5,0
805,38,10.5,0
806,36,10.5,0
807,34,10.5,0
808,32,10.5,0
809,30,10.5,0
810,28,10.5,0
811,26,10.5,0
812,24,10.5,0
813,22,10.5,0
814,20,10.5,0
815,18,10.5,0
816,16,10.5,0
817,14,10.5,0
818,12,10.5,0
819,10,10.5,0
820,8,10.5,0
821,6,10.5,0
822,4,10.5,0
823,2,10.5,0
824,0,10.5,0
825,-2,10.5,0
826,-4,10.5,0
827,-6,10.5,0
828,-8,10.5,0
829,-10,10.5,0
830,-12,10.5,0
831,-14,10.5,0
832,-16,10.5,0
833,-18,10.5,0
834,-20,10.5,0
835,-22,10.5,0
836,-24,10.5,0
837,-26,10.5,0
838,-28,10.5,0
839,-30,10.5,0
840,-32,10.5,0
841,-34,10.5,0
842,-36,10.5,0
843,-38,10.5,0
844,-40,10.5,0
845,-42,10.5,0
846,-44,10.5,0
847,-46,10.5,0
848,-48,10.5,0
849,-50,10.5,0
850,-52,10.5,0
851,-54,10.5,0
852,-56,10.5,0
853,-58,10.5,0
854,-60,10.5,0
855,60,9,0
856,58,9,0
857,56,9,0
858,54,9,0
859,52,9,0
860,50,9,0
861,48,9,0
862,46,9,0
863,44,9,0
864,42,9,0
865,40,9,0
866,38,9,0
867,36,9,0
868,34,9,0
869,32,9,0
870,30,9,0
871,28,9,0
872,26,9,0
873,24,9,0
874,22,9,0
875,20,9,0
876,18,9,0
877,16,9,0
878,14,9,0
879,12,9,0
880,10,9,0
881,8,9,0
882,6,9,0
883,4,9,0
884,2,9,0
885,0,9,0
886,-2,9,0
887,-4,9,0
888,-6,9,0
889,-8,9,0
890,-10,9,0
891,-12,9,0
892,-14,9,0
893,-16,9,0
894,-18,9,0
895,-20,9,0
896,-22,9,0
897,-24,9,0
898,-26,9,0
899,-28,9,0
900,-30,9,0
901,-32,9,0
902,-34,9,0
903,-36,9,0
904,-38,9,0
905,-40,9,0
906,-42,9,0
907,-44,9,0
908,-46,9,0
909,-48,9,0
910,-50,9,0
911,-52,9,0
912,-54,9,0
913,-56,9,0
914,-58,9,0
915,-60,9,0
916,60,7.5,0
917,58,7.5,0
918,56,7.5,0
919,54,7.5,0
920,52,7.5,0
921,50,7.5,0
922,48,7.5,0
923,46,7.5,0
924,44,7.5,0
925,42,7.5,0
926,40,7.5,0
927,38,7.5,0
928,36,7.5,0
929,34,7.5,0
930,32,7.5,0
931,30,7.5,0
932,28,7.5,0
933,26,7.5,0
934,24,7.5,0
935,22,7.5,0
936,20,7.5,0
937,18,7.5,0
938,16,7.5,0
939,14,7.5,0
940,12,7.5,0
941,10,7.5,0
942,8,7.5,0
943,6,7.5,0
944,4,7.5,0
945,2,7.5,0
946,0,7.5,0
947,-2,7.5,0
948,-4,7.5,0
949,-6,7.5,0
950,-8,7.5,0
951,-10,7.5,0
952,-12,7.5,0
953,-14,7.5,0
954,-16,7.5,0
955,-18,7.5,0
956,-20,7.5,0
957,-22,7.5,0
958,-24,7.5,0
959,-26,7.5,0
960,-28,7.5,0
961,-30,7.5,0
962,-32,7.5,0
963,-34,7.5,0
964,-36,7.5,0
965,-38,7.5,0
966,-40,7.5,0
967,-42,7.5,0
968,-44,7.5,0
969,-46,7.5,0
970,-48,7.5,0
971,-50,7.5,0
972,-52,7.5,0
973,-54,7.5,0
974,-56,7.5,0
975,-58,7.5,0
976,-60,7.5,0
977,60,6,0
978,58,6,0
979,56,6,0
980,54,6,0
981,52,6,0
982,50,6,0
983,48,6,0
984,46,6,0
985,44,6,0
986,42,6,0
987,40,6,0
988,38,6,0
989,36,6,0
990,34,6,0
991,32,6,0
992,30,6,0
993,28,6,0
994,26,6,0
995,24,6,0
996,22,6,0
997,20,6,0
998,18,6,0
999,16,6,0
1000,14,6,0
1001,12,6,0
1002,10,6,0
1003,8,6,0
1004,6,6,0
1005,4,6,0
1006,2,6,0
1007,0,6,0
1008,-2,6,0
1009,-4,6,0
1010,-6,6,0
1011,-8,6,0
1012,-10,6,0
1013,-12,6,0
1014,-14,6,0
1015,-16,6,0
1016,-18,6,0
1017,-20,6,0
1018,-22,6,0
1019,-24,6,0
1020,-26,6,0
1021,-28,6,0
1022,-30,6,0
1023,-32,6,0
1024,-34,6,0
1025,-36,6,0
1026,-38,6,0
1027,-40,6,0
1028,-42,6,0
1029,-44,6,0
1030,-46,6,0
1031,-48,6,0
1032,-50,6,0
1033,-52,6,0
1034,-54,6,0
1035,-56,6,0
1036,-58,6,0
1037,-60,6,0
1038,60,4.5,0
1039,58,4.5,0
1040,56,4.5,0
1041,54,4.5,0
1042,52,4.5,0
1043,50,4.5,0
1044,48,4.5,0
1045,46,4.5,0
1046,44,4.5,0
1047,42,4.5,0
1048,40,4.5,0
1049,38,4.5,0
1050,36,4.5,0
1051,34,4.5,0
1052,32,4.5,0
1053,30,4.5,0
1054,28,4.5,0
1055,26,4.5,0
1056,24,4.5,0
1057,22,4.5,0
1058,20,4.5,0
1059,18,4.5,0
1060,16,4.5,0
1061,14,4.5,0
1062,12,4.5,0
1063,10,4.5,0
1064,8,4.5,0
1065,6,4.5,0
1066,4,4.5,0
1067,2,4.5,0
1068,0,4.5,0
1069,-2,4.5,0
1070,-4,4.5,0
1071,-6,4.5,0
1072,-8,4.5,0
1073,-10,4.5,0
1074,-12,4.5,0
1075,-14,4.5,0
1076,-16,4.5,0
1077,-18,4.5,0
1078,-20,4.5,0
1079,-22,4.5,0
1080,-24,4.5,0
1081,-26,4.5,0
1082,-28,4.5,0
1083,-30,4.5,0
1084,-32,4.5,0
1085,-34,4.5,0
1086,-36,4.5,0
1087,-38,4.5,0
1088,-40,4.5,0
1089,-42,4.5,0
1090,-44,4.5,0
1091,-46,4.5,0
1092,-48,4.5,0
1093,-50,4.5,0
1094,-52,4.5,0
1095,-54,4.5,0
1096,-56,4.5,0
1097,-58,4.5,0
1098,-60,4.5,0
1099,60,3,0
1100,58,3,0
1101,56,3,0
1102,54,3,0
1103,52,3,0
1104,50,3,0
1105,48,3,0
1106,46,3,0
1107,44,3,0
1108,42,3,0
1109,40,3,0
1110,38,3,0
1111,36,3,0
1112,34,3,0
1113,32,3,0
1114,30,3,0
1115,28,3,0
1116,26,3,0
1117,24,3,0
1118,22,3,0
1119,20,3,0
1120,18,3,0
1121,16,3,0
1122,14,3,0
1123,12,3,0
1124,10,3,0
1125,8,3,0
1126,6,3,0
1127,4,3,0
1128,2,3,0
1129,0,3,0
1130,-2,3,0
1131,-4,3,0
1132,-6,3,0
1133,-8,3,0
1134,-10,3,0
1135,-12,3,0
1136,-14,3,0
1137,-16,3,0
1138,-18,3,0
1139,-20,3,0
1140,-22,3,0
1141,-24,3,0
1142,-26,3,0
1143,-28,3,0
1144,-30,3,0
1145,-32,3,0
1146,-34,3,0
1147,-36,3,0
1148,-38,3,0
1149,-40,3,0
1150,-42,3,0
1151,-44,3,0
1152,-46,3,0
1153,-48,3,0
1154,-50,3,0
1155,-52,3,0
1156,-54,3,0
1157,-56,3,0
1158,-58,3,0
1159,-60,3,0
1160,60,1.5,0
1161,58,1.5,0
1162,56,1.5,0
1163,54,1.5,0
1164,52,1.5,0
1165,50,1.5,0
1166,48,1.5,0
1167,46,1.5,0
1168,44,1.5,0
1169,42,1.5,0
1170,40,1.5,0
1171,38,1.5,0
1172,36,1.5,0
1173,34,1.5,0
1174,32,1.5,0
1175,30,1.5,0
1176,28,1.5,0
1177,26,1.5,0
1178,24,1.5,0
1179,22,1.5,0
1180,20,1.5,0
1181,18,1.5,0
1182,16,1.5,0
1183,14,1.5,0
1184,12,1.5,0
1185,10,1.5,0
1186,8,1.5,0
1187,6,1.5,0
1188,4,1.5,0
1189,2,1.5,0
1190,0,1.5,0
1191,-2,1.5,0
1192,-4,1.5,0
1193,-6,1.5,0
1194,-8,1.5,0
1195,-10,1.5,0
1196,-12,1.5,0
1197,-14,1.5,0
1198,-16,1.5,0
1199,-18,1.5,0
1200,-20,1.5,0
1201,-22,1.5,0
1202,-24,1.5,0
1203,-26,1.5,0
1204,-28,1.5,0
1205,-30,1.5,0
1206,-32,1.5,0
1207,-34,1.5,0
1208,-36,1.5,0
1209,-38,1.5,0
1210,-40,1.5,0
1211,-42,1.5,0
1212,-44,1.5,0
1213,-46,1.5,0
1214,-48,1.5,0
1215,-50,1.5,0
1216,-52,1.5,0
1217,-54,1.5,0
1218,-56,1.5,0
1219,-58,1.5,0
1220,-60,1.5,0
1221,60,0,0
1222,58,0,0
1223,56,0,0
1224,54,0,0
1225,52,0,0
1226,50,0,0
1227,48,0,0
1228,46,0,0
1229,44,0,0
1230,42,0,0
1231,40,0,0
1232,38,0,0
1233,36,0,0
1234,34,0,0
1235,32,0,0
1236,30,0,0
1237,28,0,0
1238,26,0,0
1239,24,0,0
1240,22,0,0
1241,20,0,0
1242,18,0,0
1243,16,0,0
1244,14,0,0
1245,12,0,0
1246,10,0,0
1247,8,0,0
1248,6,0,0
1249,4,0,0
1250,2,0,0
1251,0,0,0
1252,-2,0,0
1253,-4,0,0
1254,-6,0,0
1255,-8,0,0
1256,-10,0,0
1257,-12,0,0
1258,-14,0,0
1259,-16,0,0
1260,-18,0,0
1261,-20,0,0
1262,-22,0,0
1263,-24,0,0
1264,-26,0,0
1265,-28,0,0
1266,-30,0,0
1267,-32,0,0
1268,-34,0,0
1269,-36,0,0
1270,-38,0,0
1271,-40,0,0
1272,-42,0,0
1273,-44,0,0
1274,-46,0,0
1275,-48,0,0
1276,-50,0,0
1277,-52,0,0
1278,-54,0,0
1279,-56,0,0
1280,-58,0,0
1281,-60,0,0
1282,60,-1.5,0
1283,58,-1.5,0
1284,56,-1.5,0
1285,54,-1.5,0
1286,52,-1.5,0
1287,50,-1.5,0
1288,48,-1.5,0
1289,46,-1.5,0
1290,44,-1.5,0
1291,42,-1.5,0
1292,40,-1.5,0
1293,38,-1.5,0
1294,36,-1.5,0
1295,34,-1.5,0
1296,32,-1.5,0
1297,30,-1.5,0
1298,28,-1.5,0
1299,26,-1.5,0
1300,24,-1.5,0
1301,22,-1.5,0
1302,20,-1.5,0
1303,18,-1.5,0
1304,16,-1.5,0
1305,14,-1.5,0
1306,12,-1.5,0
1307,10,-1.5,0
1308,8,-1.5,0
1309,6,-1.5,0
1310,4,-1.5,0
1311,2,-1.5,0
1312,0,-1.5,0
1313,-2,-1.5,0
1314,-4,-1.5,0
1315,-6,-1.5,0
1316,-8,-1.5,0
1317,-10,-1.5,0
1318,-12,-1.5,0
1319,-14,-1.5,0
1320,-16,-1.5,0
1321,-18,-1.5,0
1322,-20,-1.5,0
1323,-22,-1.5,0
1324,-24,-1.5,0
1325,-26,-1.5,0
1326,-28,-1.5,0
1327,-30,-1.5,0
1328,-32,-1.5,0
1329,-34,-1.5,0
1330,-36,-1.5,0
1331,-38,-1.5,0
1332,-40,-1.5,0
1333,-42,-1.5,0
1334,-44,-1.5,0
1335,-46,-1.5,0
1336,-48,-1.5,0
1337,-50,-1.5,0
1338,-52,-1.5,0
1339,-54,-1.5,0
1340,-56,-1.5,0
1341,-58,-1.5,0
1342,-60,-1.5,0
1343,60,-3,0
1344,58,-3,0
1345,56,-3,0
1346,54,-3,0
1347,52,-3,0
1348,50,-3,0
1349,48,-3,0
1350,46,-3,0
1351,44,-3,0
1352,42,-3,0
1353,40,-3,0
1354,38,-3,0
1355,36,-3,0
1356,34,-3,0
1357,32,-3,0
1358,30,-3,0
1359,28,-3,0
1360,26,-3,0
1361,24,-3,0
1362,22,-3,0
1363,20,-3,0
1364,18,-3,0
1365,16,-3,0
1366,14,-3,0
1367,12,-3,0
1368,10,-3,0
1369,8,-3,0
1370,6,-3,0
1371,4,-3,0
1372,2,-3,0
1373,0,-3,0
1374,-2,-3,0
1375,-4,-3,0
1376,-6,-3,0
1377,-8,-3,0
1378,-10,-3,0
1379,-12,-3,0
1380,-14,-3,0
1381,-16,-3,0
1382,-18,-3,0
1383,-20,-3,0
1384,-22,-3,0
1385,-24,-3,0
1386,-26,-3,0
1387,-28,-3,0
1388,-30,-3,0
1389,-32,-3,0
1390,-34,-3,0
1391,-36,-3,0
1392,-38,-3,0
1393,-40,-3,0
1394,-42,-3,0
1395,-44,-3,0
1396,-46,-3,0
1397,-48,-3,0
1398,-50,-3,0
1399,-52,-3,0
1400,-54,-3,0
1401,-56,-3,0
1402,-58,-3,0
1403,-60,-3,0
1404,60,-4.5,0
1405,58,-4.5,0
1406,56,-4.5,0
1407,54,-4.5,0
1408,52,-4.5,0
1409,50,-4.5,0
1410,48,-4.5,0
1411,46,-4.5,0
1412,44,-4.5,0
1413,42,-4.5,0
1414,40,-4.5,0
1415,38,-4.5,0
1416,36,-4.5,0
1417,34,-4.5,0
1418,32,-4.5,0
1419,30,-4.5,0
1420,28,-4.5,0
1421,26,-4.5,0
1422,24,-4.5,0
1423,22,-4.5,0
1424,20,-4.5,0
1425,18,-4.5,0
1426,16,-4.5,0
1427,14,-4.5,0
1428,12,-4.5,0
1429,10,-4.5,0
1430,8,-4.5,0
1431,6,-4.5,0
1432,4,-4.5,0
1433,2,-4.5,0
1434,0,-4.5,0
1435,-2,-4.5,0
1436,-4,-4.5,0
1437,-6,-4.5,0
1438,-8,-4.5,0
1439,-10,-4.5,0
1440,-12,-4.5,0
1441,-14,-4.5,0
1442,-16,-4.5,0
1443,-18,-4.5,0
1444,-20,-4.5,0
1445,-22,-4.5,0
1446,-24,-4.5,0
1447,-26,-4.5,0
1448,-28,-4.5,0
1449,-30,-4.5,0
1450,-32,-4.5,0
1451,-34,-4.5,0
1452,-36,-4.5,0
1453,-38,-4.5,0
1454,-40,-4.5,0
1455,-42,-4.5,0
1456,-44,-4.5,0
1457,-46,-4.5,0
1458,-48,-4.5,0
1459,-50,-4.5,0
1460,-52,-4.5,0
1461,-54,-4.5,0
1462,-56,-4.5,0
1463,-58,-4.5,0
1464,-60,-4.5,0
1465,60,-6,0
1466,58,-6,0
1467,56,-6,0
1468,54,-6,0
1469,52,-6,0
1470,50,-6,0
1471,48,-6,0
1472,46,-6,0
1473,44,-6,0
1474,42,-6,0
1475,40,-6,0
1476,38,-6,0
1477,36,-6,0
1478,34,-6,0
1479,32,-6,0
1480,30,-6,0
1481,28,-6,0
1482,26,-6,0
1483,24,-6,0
1484,22,-6,0
1485,20,-6,0
1486,18,-6,0
1487,16,-6,0
1488,14,-6,0
1489,12,-6,0
1490,10,-6,0
1491,8,-6,0
1492,6,-6,0
1493,4,-6,0
1494,2,-6,0
1495,0,-6,0
1496,-2,-6,0
1497,-4,-6,0
1498,-6,-6,0
1499,-8,-6,0
1500,-10,-6,0
1501,-12,-6,0
1502,-14,-6,0
1503,-16,-6,0
1504,-18,-6,0
1505,-20,-6,0
1506,-22,-6,0
1507,-24,-6,0
1508,-26,-6,0
1509,-28,-6,0
1510,-30,-6,0
1511,-32,-6,0
1512,-34,-6,0
1513,-36,-6,0
1514,-38,-6,0
1515,-40,-6,0
1516,-42,-6,0
1517,-44,-6,0
1518,-46,-6,0
1519,-48,-6,0
1520,-50,-6,0
1521,-52,-6,0
1522,-54,-6,0
1523,-56,-6,0
1524,-58,-6,0
1525,-60,-6,0
1526,60,-7.5,0
1527,58,-7.5,0
1528,56,-7.5,0
1529,54,-7.5,0
1530,52,-7.5,0
1531,50,-7.5,0
1532,48,-7.5,0
1533,46,-7.5,0
1534,44,-7.5,0
1535,42,-7.5,0
1536,40,-7.5,0
1537,38,-7.5,0
1538,36,-7.5,0
1539,34,-7.5,0
1540,32,-7.5,0
1541,30,-7.5,0
1542,28,-7.5,0
1543,26,-7.5,0
1544,24,-7.5,0
1545,22,-7.5,0
1546,20,-7.5,0
1547,18,-7.5,0
1548,16,-7.5,0
1549,14,-7.5,0
1550,12,-7.5,0
1551,10,-7.5,0
1552,8,-7.5,0
1553,6,-7.5,0
1554,4,-7.5,0
1555,2,-7.5,0
1556,0,-7.5,0
1557,-2,-7.5,0
1558,-4,-7.5,0
1559,-6,-7.5,0
1560,-8,-7.5,0
1561,-10,-7.5,0
1562,-12,-7.5,0
1563,-14,-7.5,0
1564,-16,-7.5,0
1565,-18,-7.5,0
1566,-20,-7.5,0
1567,-22,-7.5,0
1568,-24,-7.5,0
1569,-26,-7.5,0
1570,-28,-7.5,0
1571,-30,-7.5,0
1572,-32,-7.5,0
1573,-34,-7.5,0
1574,-36,-7.5,0
1575,-38,-7.5,0
1576,-40,-7.5,0
1577,-42,-7.5,0
1578,-44,-7.5,0
1579,-46,-7.5,0
1580,-48,-7.5,0
1581,-50,-7.5,0
1582,-52,-7.5,0
1583,-54,-7.5,0
1584,-56,-7.5,0
1585,-58,-7.5,0
1586,-60,-7.5,0
1587,60,-9,0
1588,58,-9,0
1589,56,-9,0
1590,54,-9,0
1591,52,-9,0
1592,50,-9,0
1593,48,-9,0
1594,46,-9,0
1595,44,-9,0
1596,42,-9,0
1597,40,-9,0
1598,38,-9,0
1599,36,-9,0
1600,34,-9,0
1601,32,-9,0
1602,30,-9,0
1603,28,-9,0
1604,26,-9,0
1605,24,-9,0
1606,22,-9,0
1607,20,-9,0
1608,18,-9,0
1609,16,-9,0
1610,14,-9,0
1611,12,-9,0
1612,10,-9,0
1613,8,-9,0
1614,6,-9,0
1615,4,-9,0
1616,2,-9,0
1617,0,-9,0
1618,-2,-9,0
1619,-4,-9,0
1620,-6,-9,0
1621,-8,-9,0
1622,-10,-9,0
1623,-12,-9,0
1624,-14,-9,0
1625,-16,-9,0
1626,-18,-9,0
1627,-20,-9,0
1628,-22,-9,0
1629,-24,-9,0
1630,-26,-9,0
1631,-28,-9,0
1632,-30,-9,0
1633,-32,-9,0
1634,-34,-9,0
1635,-36,-9,0
1636,-38,-9,0
1637,-40,-9,0
1638,-42,-9,0
1639,-44,-9,0
1640,-46,-9,0
1641,-48,-9,0
1642,-50,-9,0
1643,-52,-9,0
1644,-54,-9,0
1645,-56,-9,0
1646,-58,-9,0
1647,-60,-9,0
1648,60,-10.5,0
1649,58,-10.5,0
1650,56,-10.5,0
1651,54,-10.5,0
1652,52,-10.5,0
1653,50,-10.5,0
1654,48,-10.5,0
1655,46,-10.5,0
1656,44,-10.5,0
1657,42,-10.5,0
1658,40,-10.5,0
1659,38,-10.5,0
1660,36,-10.5,0
1661,34,-10.5,0
1662,32,-10.5,0
1663,30,-10.5,0
1664,28,-10.5,0
1665,26,-10.5,0
1666,24,-10.5,0
1667,22,-10.5,0
1668,20,-10.5,0
1669,18,-10.5,0
1670,16,-10.5,0
1671,14,-10.5,0
1672,12,-10.5,0
1673,10,-10.5,0
1674,8,-10.5,0
1675,6,-10.5,0
1676,4,-10.5,0
1677,2,-10.5,0
1678,0,-10.5,0
1679,-2,-10.5,0
1680,-4,-10.5,0
1681,-6,-10.5,0
1682,-8,-10.5,0
1683,-10,-10.5,0
1684,-12,-10.5,0
1685,-14,-10.5,0
1686,-16,-10.5,0
1687,-18,-10.5,0
1688,-20,-10.5,0
1689,-22,-10.5,0
1690,-24,-10.5,0
1691,-26,-10.5,0
1692,-28,-10.5,0
1693,-30,-10.5,0
1694,-32,-10.5,0
1695,-34,-10.5,0
1696,-36,-10.5,0
1697,-38,-10.5,0
1698,-40,-10.5,0
1699,-42,-10.5,0
1700,-44,-10.5,0
1701,-46,-10.5,0
1702,-48,-10.5,0
1703,-50,-10.5,0
1704,-52,-10.5,0
1705,-54,-10.5,0
1706,-56,-10.5,0
1707,-58,-10.5,0
1708,-60,-10.5,0
1709,60,-12,0
1710,58,-12,0
1711,56,-12,0
1712,54,-12,0
1713,52,-12,0
1714,50,-12,0
1715,48,-12,0
1716,46,-12,0
1717,44,-12,0
1718,42,-12,0
1719,40,-12,0
1720,38,-12,0
1721,36,-12,0
1722,34,-12,0
1723,32,-12,0
1724,30,-12,0
1725,28,-12,0
1726,26,-12,0
1727,24,-12,0
1728,22,-12,0
1729,20,-12,0
1730,18,-12,0
1731,16,-12,0
1732,14,-12,0
1733,12,-12,0
1734,10,-12,0
1735,8,-12,0
1736,6,-12,0
1737,4,-12,0
1738,2,-12,0
1739,0,-12,0
1740,-2,-12,0
1741,-4,-12,0
1742,-6,-12,0
1743,-8,-12,0
1744,-10,-12,0
1745,-12,-12,0
1746,-14,-12,0
1747,-16,-12,0
1748,-18,-12,0
1749,-20,-12,0
1750,-22,-12,0
1751,-24,-12,0
1752,-26,-12,0
1753,-28,-12,0
1754,-30,-12,0
1755,-32,-12,0
1756,-34,-12,0
1757,-36,-12,0
1758,-38,-12,0
1759,-40,-12,0
1760,-42,-12,0
1761,-44,-12,0
1762,-46,-12,0
1763,-48,-12,0
1764,-50,-12,0
1765,-52,-12,0
1766,-54,-12,0
1767,-56,-12,0
1768,-58,-12,0
1769,-60,-12,0
1770,60,-13.5,0
1771,58,-13.5,0
1772,56,-13.5,0
1773,54,-13.5,0
1774,52,-13.5,0
1775,50,-13.5,0
1776,48,-13.5,0
1777,46,-13.5,0
1778,44,-13.5,0
1779,42,-13.5,0
1780,40,-13.5,0
1781,38,-13.5,0
1782,36,-13.5,0
1783,34,-13.5,0
1784,32,-13.5,0
1785,30,-13.5,0
1786,28,-13.5,0
1787,26,-13.5,0
1788,24,-13.5,0
1789,22,-13.5,0
1790,20,-13.5,0
1791,18,-13.5,0
1792,16,-13.5,0
1793,14,-13.5,0
1794,12,-13.5,0
1795,10,-13.5,0
1796,8,-13.5,0
1797,6,-13.5,0
1798,4,-13.5,0
1799,2,-13.5,0
1800,0,-13.5,0
1801,-2,-13.5,0
1802,-4,-13.5,0
1803,-6,-13.5,0
1804,-8,-13.5,0
1805,-10,-13.5,0
1806,-12,-13.5,0
1807,-14,-13.5,0
1808,-16,-13.5,0
1809,-18,-13.5,0
1810,-20,-13.5,0
1811,-22,-13.5,0
1812,-24,-13.5,0
1813,-26,-13.5,0
1814,-28,-13.5,0
1815,-30,-13.5,0
1816,-32,-13.5,0
1817,-34,-13.5,0
1818,-36,-13.5,0
1819,-38,-13.5,0
1820,-40,-13.5,0
1821,-42,-13.5,0
1822,-44,-13.5,0
1823,-46,-13.5,0
1824,-48,-13.5,0
1825,-50,-13.5,0
1826,-52,-13.5,0
1827,-54,-13.5,0
1828,-56,-13.5,0
1829,-58,-13.5,0
1830,-60,-13.5,0
1831,60,-15,0
1832,58,-15,0
1833,56,-15,0
1834,54,-15,0
1835,52,-15,0
1836,50,-15,0
1837,48,-15,0
1838,46,-15,0
1839,44,-15,0
1840,42,-15,0
1841,40,-15,0
1842,38,-15,0
1843,36,-15,0
1844,34,-15,0
1845,32,-15,0
1846,30,-15,0
1847,28,-15,0
1848,26,-15,0
1849,24,-15,0
1850,22,-15,0
1851,20,-15,0
1852,18,-15,0
1853,16,-15,0
1854,14,-15,0
1855,12,-15,0
1856,10,-15,0
1857,8,-15,0
1858,6,-15,0
1859,4,-15,0
1860,2,-15,0
1861,0,-15,0
1862,-2,-15,0
1863,-4,-15,0
1864,-6,-15,0
1865,-8,-15,0
1866,-10,-15,0
1867,-12,-15,0
1868,-14,-15,0
1869,-16,-15,0
1870,-18,-15,0
1871,-20,-15,0
1872,-22,-15,0
1873,-24,-15,0
1874,-26,-15,0
1875,-28,-15,0
1876,-30,-15,0
1877,-32,-15,0
1878,-34,-15,0
1879,-36,-15,0
1880,-38,-15,0
1881,-40,-15,0
1882,-42,-15,0
1883,-44,-15,0
1884,-46,-15,0
1885,-48,-15,0
1886,-50,-15,0
1887,-52,-15,0
1888,-54,-15,0
1889,-56,-15,0
1890,-58,-15,0
1891,-60,-15,0
1892,60,-16.5,0
1893,58,-16.5,0
1894,56,-16.5,0
1895,54,-16.5,0
1896,52,-16.5,0
1897,50,-16.5,0
1898,48,-16.5,0
1899,46,-16.5,0
1900,44,-16.5,0
1901,42,-16.5,0
1902,40,-16.5,0
1903,38,-16.5,0
1904,36,-16.5,0
1905,34,-16.5,0
1906,32,-16.5,0
1907,30,-16.5,0
1908,28,-16.5,0
1909,26,-16.5,0
1910,24,-16.5,0
1911,22,-16.5,0
1912,20,-16.5,0
1913,18,-16.5,0
1914,16,-16.5,0
1915,14,-16.5,0
1916,12,-16.5,0
1917,10,-16.5,0
1918,8,-16.5,0
1919,6,-16.5,0
1920,4,-16.5,0
1921,2,-16.5,0
1922,0,-16.5,0
1923,-2,-16.5,0
1924,-4,-16.5,0
1925,-6,-16.5,0
1926,-8,-16.5,0
1927,-10,-16.5,0
1928,-12,-16.5,0
1929,-14,-16.5,0
1930,-16,-16.5,0
1931,-18,-16.5,0
1932,-20,-16.5,0
1933,-22,-16.5,0
1934,-24,-16.5,0
1935,-26,-16.5,0
1936,-28,-16.5,0
1937,-30,-16.5,0
1938,-32,-16.5,0
1939,-34,-16.5,0
1940,-36,-16.5,0
1941,-38,-16.5,0
1942,-40,-16.5,0
1943,-42,-16.5,0
1944,-44,-16.5,0
1945,-46,-16.5,0
1946,-48,-16.5,0
1947,-50,-16.5,0
1948,-52,-16.5,0
1949,-54,-16.5,0
1950,-56,-16.5,0
1951,-58,-16.5,0
1952,-60,-16.5,0
1953,60,-18,0
1954,58,-18,0
1955,56,-18,0
1956,54,-18,0
1957,52,-18,0
1958,50,-18,0
1959,48,-18,0
1960,46,-18,0
1961,44,-18,0
1962,42,-18,0
1963,40,-18,0
1964,38,-18,0
1965,36,-18,0
1966,34,-18,0
1967,32,-18,0
1968,30,-18,0
1969,28,-18,0
1970,26,-18,0
1971,24,-18,0
1972,22,-18,0
1973,20,-18,0
1974,18,-18,0
1975,16,-18,0
1976,14,-18,0
1977,12,-18,0
1978,10,-18,0
1979,8,-18,0
1980,6,-18,0
1981,4,-18,0
1982,2,-18,0
1983,0,-18,0
1984,-2,-18,0
1985,-4,-18,0
1986,-6,-18,0
1987,-8,-18,0
1988,-10,-18,0
1989,-12,-18,0
1990,-14,-18,0
1991,-16,-18,0
1992,-18,-18,0
1993,-20,-18,0
1994,-22,-18,0
1995,-24,-18,0
1996,-26,-18,0
1997,-28,-18,0
1998,-30,-18,0
1999,-32,-18,0
2000,-34,-18,0
2001,-36,-18,0
2002,-38,-18,0
2003,-40,-18,0
2004,-42,-18,0
2005,-44,-18,0
2006,-46,-18,0
2007,-48,-18,0
2008,-50,-18,0
2009,-52,-18,0
2010,-54,-18,0
2011,-56,-18,0
2012,-58,-18,0
2013,-60,-18,0
2014,60,-19.5,0
2015,58,-19.5,0
2016,56,-19.5,0
2017,54,-19.5,0
2018,52,-19.5,0
2019,50,-19.5,0
2020,48,-19.5,0
2021,46,-19.5,0
2022,44,-19.5,0
2023,42,-19.5,0
2024,40,-19.5,0
2025,38,-19.5,0
2026,36,-19.5,0
2027,34,-19.5,0
2028,32,-19.5,0
2029,30,-19.5,0
2030,28,-19.5,0
2031,26,-19.5,0
2032,24,-19.5,0
2033,22,-19.5,0
2034,20,-19.5,0
2035,18,-19.5,0
2036,16,-19.5,0
2037,14,-19.5,0
2038,12,-19.5,0
2039,10,-19.5,0
2040,8,-19.5,0
2041,6,-19.5,0
2042,4,-19.5,0
2043,2,-19.5,0
2044,0,-19.5,0
2045,-2,-19.5,0
2046,-4,-19.5,0
2047,-6,-19.5,0
2048,-8,-19.5,0
2049,-10,-19.5,0
2050,-12,-19.5,0
2051,-14,-19.5,0
2052,-16,-19.5,0
2053,-18,-19.5,0
2054,-20,-19.5,0
2055,-22,-19.5,0
2056,-24,-19.5,0
2057,-26,-19.5,0
2058,-28,-19.5,0
2059,-30,-19.5,0
2060,-32,-19.5,0
2061,-34,-19.5,0
2062,-36,-19.5,0
2063,-38,-19.5,0
2064,-40,-19.5,0
2065,-42,-19.5,0
2066,-44,-19.5,0
2067,-46,-19.5,0
2068,-48,-19.5,0
2069,-50,-19.5,0
2070,-52,-19.5,0
2071,-54,-19.5,0
2072,-56,-19.5,0
2073,-58,-19.5,0
2074,-60,-19.5,0
2075,60,-21,0
2076,58,-21,0
2077,56,-21,0
2078,54,-21,0
2079,52,-21,0
2080,50,-21,0
2081,48,-21,0
2082,46,-21,0
2083,44,-21,0
2084,42,-21,0
2085,40,-21,0
2086,38,-21,0
2087,36,-21,0
2088,34,-21,0
2089,32,-21,0
2090,30,-21,0
2091,28,-21,0
2092,26,-21,0
2093,24,-21,0
2094,22,-21,0
2095,20,-21,0
2096,18,-21,0
2097,16,-21,0
2098,14,-21,0
2099,12,-21,0
2100,10,-21,0
2101,8,-21,0
2102,6,-21,0
2103,4,-21,0
2104,2,-21,0
2105,0,-21,0
2106,-2,-21,0
2107,-4,-21,0
2108,-6,-21,0
2109,-8,-21,0
2110,-10,-21,0
2111,-12,-21,0
2112,-14,-21,0
2113,-16,-21,0
2114,-18,-21,0
2115,-20,-21,0
2116,-22,-21,0
2117,-24,-21,0
2118,-26,-21,0
2119,-28,-21,0
2120,-30,-21,0
2121,-32,-21,0
2122,-34,-21,0
2123,-36,-21,0
2124,-38,-21,0
2125,-40,-21,0
2126,-42,-21,0
2127,-44,-21,0
2128,-46,-21,0
2129,-48,-21,0
2130,-50,-21,0
2131,-52,-21,0
2132,-54,-21,0
2133,-56,-21,0
2134,-58,-21,0
2135,-60,-21,0
2136,60,-22.5,0
2137,58,-22.5,0
2138,56,-22.5,0
2139,54,-22.5,0
2140,52,-22.5,0
2141,50,-22.5,0
2142,48,-22.5,0
2143,46,-22.5,0
2144,44,-22.5,0
2145,42,-22.5,0
2146,40,-22.5,0
2147,38,-22.5,0
2148,36,-22.5,0
2149,34,-22.5,0
2150,32,-22.5,0
2151,30,-22.5,0
2152,28,-22.5,0
2153,26,-22.5,0
2154,24,-22.5,0
2155,22,-22.5,0
2156,20,-22.5,0
2157,18,-22.5,0
2158,16,-22.5,0
2159,14,-22.5,0
2160,12,-22.5,0
2161,10,-22.5,0
2162,8,-22.5,0
2163,6,-22.5,0
2164,4,-22.5,0
2165,2,-22.5,0
2166,0,-22.5,0
2167,-2,-22.5,0
2168,-4,-22.5,0
2169,-6,-22.5,0
2170,-8,-22.5,0
2171,-10,-22.5,0
2172,-12,-22.5,0
2173,-14,-22.5,0
2174,-16,-22.5,0
2175,-18,-22.5,0
2176,-20,-22.5,0
2177,-22,-22.5,0
2178,-24,-22.5,0
2179,-26,-22.5,0
2180,-28,-22.5,0
2181,-30,-22.5,0
2182,-32,-22.5,0
2183,-34,-22.5,0
2184,-36,-22.5,0
2185,-38,-22.5,0
2186,-40,-22.5,0
2187,-42,-22.5,0
2188,-44,-22.5,0
2189,-46,-22.5,0
2190,-48,-22.5,0
2191,-50,-22.5,0
2192,-52,-22.5,0
2193,-54,-22.5,0
2194,-56,-22.5,0
2195,-58,-22.5,0
2196,-60,-22.5,0
2197,60,-24,0
2198,58,-24,0
2199,56,-24,0
2200,54,-24,0
2201,52,-24,0
2202,50,-24,0
2203,48,-24,0
2204,46,-24,0
2205,44,-24,0
2206,42,-24,0
2207,40,-24,0
2208,38,-24,0
2209,36,-24,0
2210,34,-24,0
2211,32,-24,0
2212,30,-24,0
2213,28,-24,0
2214,26,-24,0
2215,24,-24,0
2216,22,-24,0
2217,20,-24,0
2218,18,-24,0
2219,16,-24,0
2220,14,-24,0
2221,12,-24,0
2222,10,-24,0
2223,8,-24,0
2224,6,-24,0
2225,4,-24,0
2226,2,-24,0
2227,0,-24,0
2228,-2,-24,0
2229,-4,-24,0
2230,-6,-24,0
2231,-8,-24,0
2232,-10,-24,0
2233,-12,-24,0
2234,-14,-24,0
2235,-16,-24,0
2236,-18,-24,0
2237,-20,-24,0
2238,-22,-24,0
2239,-24,-24,0
2240,-26,-24,0
2241,-28,-24,0
2242,-30,-24,0
2243,-32,-24,0
2244,-34,-24,0
2245,-36,-24,0
2246,-38,-24,0
2247,-40,-24,0
2248,-42,-24,0
2249,-44,-24,0
2250,-46,-24,0
2251,-48,-24,0
2252,-50,-24,0
2253,-52,-24,0
2254,-54,-24,0
2255,-56,-24,0
2256,-58,-24,0
2257,-60,-24,0
2258,60,-25.5,0
2259,58,-25.5,0
2260,56,-25.5,0
2261,54,-25.5,0
2262,52,-25.5,0
2263,50,-25.5,0
2264,48,-25.5,0
2265,46,-25.5,0
2266,44,-25.5,0
2267,42,-25.5,0
2268,40,-25.5,0
2269,38,-25.5,0
2270,36,-25.5,0
2271,34,-25.5,0
2272,32,-25.5,0
2273,30,-25.5,0
2274,28,-25.5,0
2275,26,-25.5,0
2276,24,-25.5,0
2277,22,-25.5,0
2278,20,-25.5,0
2279,18,-25.5,0
2280,16,-25.5,0
2281,14,-25.5,0
2282,12,-25.5,0
2283,10,-25.5,0
2284,8,-25.5,0
2285,6,-25.5,0
2286,4,-25.5,0
2287,2,-25.5,0
2288,0,-25.5,0
2289,-2,-25.5,0
2290,-4,-25.5,0
2291,-6,-25.5,0
2292,-8,-25.5,0
2293,-10,-25.5,0
2294,-12,-25.5,0
2295,-14,-25.5,0
2296,-16,-25.5,0
2297,-18,-25.5,0
2298,-20,-25.5,0
2299,-22,-25.5,0
2300,-24,-25.5,0
2301,-26,-25.5,0
2302,-28,-25.5,0
2303,-30,-25.5,0
2304,-32,-25.5,0
2305,-34,-25.5,0
2306,-36,-25.5,0
2307,-38,-25.5,0
2308,-40,-25.5,0
2309,-42,-25.5,0
2310,-44,-25.5,0
2311,-46,-25.5,0
2312,-48,-25.5,0
2313,-50,-25.5,0
2314,-52,-25.5,0
2315,-54,-25.5,0
2316,-56,-25.5,0
2317,-58,-25.5,0
2318,-60,-25.5,0
2319,60,-27,0
2320,58,-27,0
2321,56,-27,0
2322,54,-27,0
2323,52,-27,0
2324,50,-27,0
2325,48,-27,0
2326,46,-27,0
2327,44,-27,0
2328,42,-27,0
2329,40,-27,0
2330,38,-27,0
2331,36,-27,0
2332,34,-27,0
2333,32,-27,0
2334,30,-27,0
2335,28,-27,0
2336,26,-27,0
2337,24,-27,0
2338,22,-27,0
2339,20,-27,0
2340,18,-27,0
2341,16,-27,0
2342,14,-27,0
2343,12,-27,0
2344,10,-27,0
2345,8,-27,0
2346,6,-27,0
2347,4,-27,0
2348,2,-27,0
2349,0,-27,0
2350,-2,-27,0
2351,-4,-27,0
2352,-6,-27,0
2353,-8,-27,0
2354,-10,-27,0
2355,-12,-27,0
2356,-14,-27,0
2357,-16,-27,0
2358,-18,-27,0
2359,-20,-27,0
2360,-22,-27,0
2361,-24,-27,0
2362,-26,-27,0
2363,-28,-27,0
2364,-30,-27,0
2365,-32,-27,0
2366,-34,-27,0
2367,-36,-27,0
2368,-38,-27,0
2369,-40,-27,0
2370,-42,-27,0
2371,-44,-27,0
2372,-46,-27,0
2373,-48,-27,0
2374,-50,-27,0
2375,-52,-27,0
2376,-54,-27,0
2377,-56,-27,0
2378,-58,-27,0
2379,-60,-27,0
2380,60,-28.5,0
2381,58,-28.5,0
2382,56,-28.5,0
2383,54,-28.5,0
2384,52,-28.5,0
2385,50,-28.5,0
2386,48,-28.5,0
2387,46,-28.5,0
2388,44,-28.5,0
2389,42,-28.5,0
2390,40,-28.5,0
2391,38,-28.5,0
2392,36,-28.5,0
2393,34,-28.5,0
2394,32,-28.5,0
2395,30,-28.5,0
2396,28,-28.5,0
2397,26,-28.5,0
2398,24,-28.5,0
2399,22,-28.5,0
2400,20,-28.5,0
2401,18,-28.5,0
2402,16,-28.5,0
2403,14,-28.5,0
2404,12,-28.5,0
2405,10,-28.5,0
2406,8,-28.5,0
2407,6,-28.5,0
2408,4,-28.5,0
2409,2,-28.5,0
2410,0,-28.5,0
2411,-2,-28.5,0
2412,-4,-28.5,0
2413,-6,-28.5,0
2414,-8,-28.5,0
2415,-10,-28.5,0
2416,-12,-28.5,0
2417,-14,-28.5,0
2418,-16,-28.5,0
2419,-18,-28.5,0
2420,-20,-28.5,0
2421,-22,-28.5,0
2422,-24,-28.5,0
2423,-26,-28.5,0
2424,-28,-28.5,0
2425,-30,-28.5,0
2426,-32,-28.5,0
2427,-34,-28.5,0
2428,-36,-28.5,0
2429,-38,-28.5,0
2430,-40,-28.5,0
2431,-42,-28.5,0
2432,-44,-28.5,0
2433,-46,-28.5,0
2434,-48,-28.5,0
2435,-50,-28.5,0
2436,-52,-28.5,0
2437,-54,-28.5,0
2438,-56,-28.5,0
2439,-58,-28.5,0
2440,-60,-28.5,0
2441,60,-30,0
2442,58,-30,0
2443,56,-30,0
2444,54,-30,0
2445,52,-30,0
2446,50,-30,0
2447,48,-30,0
2448,46,-30,0
2449,44,-30,0
2450,42,-30,0
2451,40,-30,0
2452,38,-30,0
2453,36,-30,0
2454,34,-30,0
2455,32,-30,0
2456,30,-30,0
2457,28,-30,0
2458,26,-30,0
2459,24,-30,0
2460,22,-30,0
2461,20,-30,0
2462,18,-30,0
2463,16,-30,0
2464,14,-30,0
2465,12,-30,0
2466,10,-30,0
2467,8,-30,0
2468,6,-30,0
2469,4,-30,0
2470,2,-30,0
2471,0,-30,0
2472,-2,-30,0
2473,-4,-30,0
2474,-6,-30,0
2475,-8,-30,0
2476,-10,-30,0
2477,-12,-30,0
2478,-14,-30,0
2479,-16,-30,0
2480,-18,-30,0
2481,-20,-30,0
2482,-22,-30,0
2483,-24,-30,0
2484,-26,-30,0
2485,-28,-30,0
2486,-30,-30,0
2487,-32,-30,0
2488,-34,-30,0
2489,-36,-30,0
2490,-38,-30,0
2491,-40,-30,0
2492,-42,-30,0
2493,-44,-30,0
2494,-46,-30,0
2495,-48,-30,0
2496,-50,-30,0
2497,-52,-30,0
2498,-54,-30,0
2499,-56,-30,0
2500,-58,-30,0
2501,-60,-30,0
