4753
4755
4757
4759
4761
4763
4765
4767
4913
4915
4917
4919
4925
4935
4953
4955
4957
4959
4961
4963
4965
4967
4969
4971
4973
4975
4977
4979
4981
4983
5011
5013
5015
5021
5023
5027
5029
5033
5035
5097
5099
5101
5103
5105
5107
5109
5111
5113
5115
5117
5119
5121
5123
5125
5127
5129
5131
5133
5135
5137
5139
5141
5143
5145
5147
5149
5151
5153
5155
5157
5159
5161
5163
5165
5167
5169
5171
5429
6507
6509
6511
6513
6515
6517
6519
6521
6523
6525
6527
6529
6531
6533
6593
6595
6605
6607
6609
6611
6613
6615
6617
6619
6621
6623
6629
6631
6633
6635
6637
6639
6641
6643
6645
6647
6649
6651
6653
6655
6657
6659
6661
6663
6665
6667
6669
6671
6673
6675
6677
6679
6681
6683
6685
6687
6689
6691
6693
6695
6697
6699
6701
6703
6705
6707
6709
6711
6713
6715
6717
6719
7639
7641
7789
7791
7793
7795
7797
7799
7801
7803
7805
7807
7809
7811
7813
7815
7817
7819
7821
7823
7825
7827
7829
7831
7833
7835
7837
7839
7841
7843
7845
7847
7849
7851
7853
7855
7857
7907
7911
7913
7931
7933
7935
7937
7941
7943
7945
7947
7949
7951
7953
7955
7957
7959
7961
7963
7965
7967
7969
7971
7973
7975
7977
7979
7981
7983
7985
7987
7989
7991
7993
7995
7997
7999
8001
8003
8005
8015
8017
8019
8021
8023
8025
8027
8035
8039
8195
8197
8199
8201
8203
8205
8207
8209
8211
8213
8215
8217
8219
8221
8223
8225
8227
8229
8231
8233
8235
8237
8239
8241
8311
8313
8315
8317
8319
8321
8323
8325
8327
8329
8331
8333
8335
8371
8373
8467
8469
8471
8473
8475
8477
8479
8481
8483
8485
8487
8489
8491
8493
8495
8497
8499
8501
8503
8505
8507
8509
8511
8513
8515
8517
8519
8521
8523
8525
8527
8529
8531
8533
8535
8537
8539
8541
8543
8545
8547
8549
8551
8553
8555
8557
8559
8561
8563
8565
8567
8569
8571
8573
8575
8577
8579
8581
8583
8585
8587
8589
8591
8593
8595
8597
8599
8601
8603
8605
8607
8609
8611
8613
8615
8617
8619
8621
8623
8643
8661
8663
8679
8681
8683
8685
8697
8699
8701
8703
8705
8723
8725
8727
8729
8731
8733
8735
8737
8739
8741
8743
8745
8747
8749
8751
8753
8755
8767
8769
8771
8773
8775
8777
8779
8781
8783
8785
8787
8789
8809
8813
8815
8817
8819
8821
8823
8825
8827
8829
8831
8833
8835
8837
8841
8843
8845
8847
8849
8851
8853
8855
8857
8859
8861
8863
8865
8867
8869
8871
8873
8875
8877
8879
8881
8883
8885
8887
8889
8891
8893
8895
8897
8899
8901
8903
8905
8907
8909
8911
8913
8915
8917
8919
8921
8923
8925
8927
8929
8931
8933
8935
8937
8939
8941
8943
8945
8947
8949
8951
8953
8955
8957
8959
8961
8963
8965
8967
8969
8971
8973
8975
8977
8979
8981
8983
8985
8987
8989
8991
8993
8995
8997
8999
9001
9003
9005
9007
9009
9011
9013
9015
9017
9019
9021
9023
9025
9027
9029
9031
9033
9035
9037
9039
9041
9043
9045
9047
9049
9051
9053
9055
9057
9059
9061
9063
9065
9067
9069
9071
9073
9075
9077
9079
9081
9083
9085
9087
9089
9091
9093
9095
9097
9099
9101
9103
9105
9107
9109
9111
9113
9115
9117
9119
9121
9123
9125
9127
9129
9131
9133
9135
9137
9139
9141
9143
9145
9147
9149
9151
9153
9155
9157
9159
9161
9163
9165
9167
9169
9171
9173
9175
9177
9179
9181
9183
9185
9187
9189
9191
9193
9195
9197
9319
9321
9323
9325
9339
9341
9343
9349
9351
9353
9359
9361
9363
9365
9369
9371
9373
9375
9379
9381
9383
9385
9389
9391
9393
9395
9397
9399
9401
9403
9405
9407
9409
9411
9413
9415
9555
9563
9749
9751
9753
9763
9765
9767
9777
9779
9781
9791
9793
9795
9805
9807
9809
9819
9821
9823
9835
9837
9839
9851
9853
9855
9867
9869
9871
9881
9883
9885
9895
9897
9899
9909
9911
9913
9923
9925
9927
9937
9939
9941
9951
9953
9955
9965
9967
9969
9979
9981
10013
10017
10019
10049
10051
10055
10057
10059
10061
10063
10065
10067
10069
10071
10073
10075
10077
10079
10081
10083
10085
10087
10089
10091
10093
10095
10097
10099
10101
10103
10105
10107
10109
10111
10113
10115
10117
10119
10121
10123
10125
10127
10129
10131
10133
10135
10137
10139
10141
10143
10145
10147
10149
10151
10153
10155
10157
10159
10161
10163
10165
10167
10169
10171
10173
10175
10177
10179
10181
10183
10185
10187
10189
10191
10193
10195
10197
10199
10201
10203
10205
10207
10209
10211
10213
10215
10217
10219
10221
10223
10225
10227
10229
10231
10233
10235
10237
10239
10241
10243
10245
10247
10249
10251
10253
10255
10257
10259
10261
10263
10265
10267
10269
10271
10273
10275
10277
10279
10281
10283
10285
10287
10289
10291
10293
13425
13427
13429
13431
13433
13435
13465
13467
13469
13471
13503
13505
13507
13541
13543
21153
21155
21157
21159
21161
21163
21165
21167
21169
21171
21173
21175
21177
21179
21181
21191
21193
21195
21197
21199
21201
21203
21205
21207
21209
21211
21213
21215
21217
21219
21221
21223
21225
21227
21229
21231
21237
21239
21241
21243
21245
21247
21249
21251
21253
21255
21257
21259
21261
21269
21271
21273
21275
21277
21279
21281
21283
21285
21287
21289
21291
21301
21303
21305
21307
21309
21311
21313
21315
21317
21319
21321
21323
21325
21327
21329
21331
21333
21335
21337
21339
21345
21347
21349
21351
21353
21355
21357
21359
21367
21369
21371
21373
21375
21377
21379
21389
21391
21393
21395
21397
21399
21411
21413
21415
21417
21419
21433
21435
21437
21439
21455
21457
21459
21461
21477
21479
21481
21499
21501
21521
21837
21839
23149
23151
23155
23157
23161
23163
23167
23169
23233
23235
23237
23239
23241
23243
23245
23247
23249
23251
23259
23261
23263
23265
23267
23269
23271
23273
23275
23277
23285
23287
23289
23291
23293
23295
23297
23299
23301
23303
23311
23313
23315
23317
23319
23321
23323
23325
23327
23329
23339
23341
23343
23345
23347
23349
23351
23353
23355
23365
23367
23369
23371
23373
23375
23377
23379
23381
23383
23385
23387
23389
23391
23393
23395
23397
23399
23401
23403
23405
23407
23409
23411
23413
23415
23417
23419
23421
23423
23425
23427
23429
23431
23433
23435
23437
23439
23441
23443
23445
23447
23449
23451
23453
23455
23457
23459
23461
23463
23465
23467
23469
23471
23473
23475
23477
23479
23481
23483
23485
23487
23489
23491
23493
23495
23497
23499
23501
23503
23505
23507
23509
23511
23513
23515
23517
23519
23521
23523
23525
23527
23529
23531
23533
23535
23537
23539
23541
23543
