4165.53
4165.53
4165.53
4165.53
4166.07
4165.53
4378.2
4165.53
6089.98
4775.1
4165.53
6006.94
5869.27
4720.95
6432.61
4835.65
6473.33
5763.89
4165.53
4165.53
4383.63
5909.88
4165.53
5016.99
4510.73
4203.47
5964.94
5988
4165.53
4276.55
4274.07
4165.53
4165.53
4413.94
4165.53
4165.53
5765.69
4165.53
4165.53
4165.53
5402.59
4206.45
4279.83
4165.53
6131.41
4750.29
5501.9
4165.53
4299.59
4165.53
4165.53
4165.53
4165.53
4505.13
4213.92
4165.53
4518.96
4165.53
5185.54
4758.75
4165.53
6193.405809
4165.53
4165.53
4727.26
4233.26
4165.53
4174.81
5260.34
5169.34
5131.72
4165.53
4165.53
4165.53
5112.59
4165.53
5144.36
4165.53
4165.53
6303.347706
4246.46
4165.53
4165.53
4352.8
4165.53
4437.44
4165.53
4165.53
4165.53
4165.53
5244.57
4165.53
4165.53
5632.88
4672.32
4165.53
4753.11
4169.54
5373.39
5264.8
4420.38
4396
