22.876 9.457 0.622 1.791 1.32
20.838 6.563 0.848 1.9 0.86
15.992 10.373 0.338 1.892 1.02
19.877 2.598 0.301 2.014 0.95
20.254 4.453 0.68 1.722 1.17
22.484 6.181 0.27 2.1 1.36
20.1 3.926 0.322 1.551 1.07
16.032 4.114 0.937 2.054 1.01
24.361 3.664 0.261 1.17 0.96
20.994 10.049 0.863 1.289 0.8
18.831 8.865 0.736 2.041 0.98
17.868 5.872 0.126 1.185 0.67
21.819 2.895 0.969 1.253 1.36
15.398 7.451 0.144 1.422 1.21
19.412 6.296 0.421 1.119 1.28
16.258 5.615 0.701 1.441 0.77
18.643 2.41 0.676 1.204 1.3
17.623 6.771 0.826 1.227 1.31
16.849 7.572 0.757 1.849 0.91
24.416 8.228 0.443 2.082 1.11
16.151 6.518 0.503 1.555 1.24
21.498 7.34 0.284 1.146 0.97
17.944 8.465 0.212 2.178 1.05
21.216 5.928 0.452 1.321 1.12
24.11 2.739 0.746 1.495 1.59
22.781 4.838 0.492 1.58 1.38
20.547 8.759 0.113 1.122 1.54
22.274 8.96 0.238 1.104 1.19
22.976 4.499 0.96 1.949 1.46
16.984 5.77 0.595 1.615 1.25
19.757 4.026 0.394 1.605 0.78
19.124 4.391 0.812 2.191 0.98
24.21 9.672 0.901 1.878 1.1
21.974 5.505 0.128 1.451 1.25
16.429 4.998 0.911 1.979 0.88
24.017 4.572 0.794 2.032 1.11
18.234 9.222 0.186 1.161 1.42
18.585 9.975 0.478 1.93 1.26
15.185 6.904 0.38 1.776 0.95
23.455 8.497 0.775 1.76 0.9
19.939 3.751 0.406 1.319 1.39
15.835 5.539 0.842 1.713 0.78
24.666 3.03 0.93 1.571 0.92
18.489 10.226 0.291 1.997 1.2
15.407 9.053 0.353 1.137 0.69
17.416 4.666 0.524 1.467 1
18.981 7.143 0.612 1.237 0.85
15.289 10.107 0.226 1.913 0.95
17.353 7.662 0.273 1.522 1.26
21.666 7.437 0.195 1.628 0.75
22.174 9.75 0.755 1.676 1.13
20.119 6.382 0.782 2.161 0.8
21.047 9.152 0.345 2.154 0.97
21.159 7.757 0.561 1.397 1.3
18.351 5.101 0.728 1.658 1
24.924 7.116 0.632 1.919 1.41
22.547 3.292 0.992 1.504 1.08
23.571 9.876 0.404 2.188 1.28
22.637 2.487 0.152 1.345 1.16
24.847 4.241 0.804 1.379 0.92
23.244 3.79 0.475 1.827 1.14
15.057 10.129 0.267 1.29 1.1293
19.348 8.376 0.926 2.009 0.85
23.365 5.133 0.25 2.073 1.26
20.337 5.224 0.513 1.414 1.15
17.12 2.858 0.977 1.762 0.84
20.667 9.548 0.371 1.745 1.2
16.323 6.809 0.575 1.687 1.62
15.583 8.137 0.535 1.303 1.06
23.893 6.442 0.834 1.266 1.4
18.095 7.855 0.17 1.284 0.91
22.323 8.004 0.691 1.867 1.21
23.614 4.229 0.234 1.698 0.8
21.72 5.384 0.586 1.809 0.97
19.097 3.175 0.427 1.394 1.01
17.598 5.302 0.104 1.845 0.89
16.522 7.007 0.578 1.335 1.02
23.073 9.788 0.719 1.728 1.03
24.781 8.629 0.706 1.798 1.19
16.08 7.416 0.2067 1.3071 1.1546
22.087 6.157 0.948 1.539 1.23
23.778 9.399 0.519 1.669 1.05
21.341 7.254 0.313 2.126 0.87
18.159 8.706 0.326 1.46 1.13
21.548 5.703 0.542 2.136 1.23
16.654 3.55 0.902 1.629 0.79
15.098 7.941 0.788 2.103 0.96
23.933 8.884 0.66 1.816 0.77
18.723 2.672 0.875 1.981 0.7
16.705 3.368 0.464 2.06 0.64
19.289 7.789 0.44 1.256 0.7
15.785 10.282 0.362 1.959 1.06
20.8 3.225 0.644 1.946 1.03
23.184 6.066 0.179 1.194 1.19
17.738 4.752 0.62 1.484 0.99
17.292 4.905 0.888 2.118 1.21
17.028 3.067 0.207 1.507 1.13
19.584 6.661 0.987 1.648 1.16
15.609 3.913 0.158 1.363 0.68
20.48 9.323 0.555 1.218 1
24.545 8.284 0.651 1.368 1.19
19.667 3.475 0.867 1.588 1.17
