1.96892
1.85155
1.80763
1.99089
1.89661
1.85463
1.89303
1.95917
1.8453
1.88192
1.82239
1.7631
2.00858
1.71903
1.73042
1.83285
2.11707
1.75679
1.76508
1.96401
1.77135
1.74143
1.77691
1.8175
1.9741
1.88969
1.72623
1.74423
1.92628
1.79866
1.88548
1.88336
2.02799
1.82102
1.86763
1.92466
1.72133
1.84369
1.74536
1.94269
1.93353
1.83635
1.975
1.85718
1.68728
1.88369
1.75947
1.79567
1.75498
1.84873
1.95314
1.83607
1.89372
1.8425
1.85963
1.94361
1.9724
2.01502
1.94397
1.91761
1.91826
1.75543
1.81373
1.87622
1.8504
2.09554
1.89753
1.77094
1.72548
1.85541
1.739
1.89835
1.88193
1.86345
1.98545
1.77233
1.7571
1.9929
1.99072
1.71938
1.87603
1.99531
1.84866
1.78475
1.85299
2.01679
1.74199
1.97851
2.06208
1.97825
1.76434
1.80004
1.95685
1.79023
1.88749
1.87201
1.99274
1.82267
1.9544
1.80398
1.9517
1.98012
